1 1 1
2 2 1.85498
2 3 -0.0722343
2 601 -0.81058
2 602 -0.580252
3 2 -0.0722343
3 3 1.90871
3 4 -0.0313586
3 601 -0.870003
3 604 -0.935112
4 3 -0.0313586
4 4 1.91121
4 5 -0.262332
4 598 -0.498316
4 604 -1.1192
5 4 -0.262332
5 5 1.8278
5 6 -0.435368
5 101 -0.289702
5 598 -0.840395
6 5 -0.435368
6 6 1.79907
6 7 -0.285647
6 101 -0.319636
6 183 -0.758415
7 6 -0.285647
7 7 1.738
7 8 -0.350416
7 166 -0.54334
7 183 -0.558594
8 7 -0.350416
8 8 1.77103
8 9 -0.185588
8 166 -0.467168
8 170 -0.767859
9 8 -0.185588
9 9 1.79191
9 10 -0.328765
9 170 -0.858829
9 173 -0.418726
10 9 -0.328765
10 10 1.81338
10 11 -0.47567
10 171 -0.322782
10 173 -0.686166
11 10 -0.47567
11 11 1.82222
11 12 -0.281173
11 151 -0.764217
11 171 -0.301158
12 11 -0.281173
12 12 1.77671
12 13 -0.274375
12 151 -0.748537
12 153 -0.472625
13 12 -0.274375
13 13 1.87211
13 14 -0.349457
13 119 -0.247366
13 153 -1.00091
14 13 -0.349457
14 14 1.79729
14 15 -0.159387
14 119 -0.434609
14 156 -0.853835
15 14 -0.159387
15 15 1.76393
15 16 -0.297066
15 156 -0.760575
15 160 -0.546898
16 15 -0.297066
16 16 1.76464
16 17 -0.421676
16 117 -0.411919
16 160 -0.633975
17 16 -0.421676
17 17 1.81126
17 18 -0.292566
17 117 -0.292414
17 130 -0.804608
18 17 -0.292566
18 18 1.75488
18 19 -0.246306
18 130 -0.475544
18 567 -0.740463
19 18 -0.246306
19 19 1.85676
19 20 -0.045093
19 132 -1.00467
19 567 -0.560686
20 19 -0.045093
20 20 1.88122
20 21 -0.343619
20 127 -0.455178
20 132 -1.03733
21 20 -0.343619
21 21 1.75783
21 22 -0.204476
21 126 -0.726098
21 127 -0.483636
22 21 -0.204476
22 22 1.80029
22 23 -0.401997
22 110 -0.373063
22 126 -0.820758
23 22 -0.401997
23 23 1.94858
23 24 -0.0141189
23 109 -1.13159
23 110 -0.400872
24 23 -0.0141189
24 24 1.87759
24 25 -0.178078
24 109 -0.871512
24 112 -0.813882
25 24 -0.178078
25 25 0.830913
25 26 -0.178078
25 112 -0.474757
26 25 -0.178078
26 26 1.87759
26 27 -0.0141189
26 112 -0.813882
26 113 -0.871512
27 26 -0.0141189
27 27 1.94858
27 28 -0.402001
27 113 -1.13159
27 114 -0.400868
28 27 -0.402001
28 28 1.80268
28 29 -0.203829
28 114 -0.368751
28 199 -0.828099
29 28 -0.203829
29 29 1.75091
29 30 -0.335829
29 199 -0.693769
29 200 -0.51748
30 29 -0.335829
30 30 1.88042
30 31 -0.0527279
30 200 -0.450083
30 205 -1.04178
31 30 -0.0527279
31 31 1.8281
31 32 -0.237053
31 205 -0.860713
31 211 -0.677603
32 31 -0.237053
32 32 1.86593
32 33 -0.0788678
32 211 -0.508586
32 212 -1.04143
33 32 -0.0788678
33 33 1.89031
33 34 -0.41978
33 208 -0.383199
33 212 -1.00846
34 33 -0.41978
34 34 1.80028
34 35 -0.267995
34 208 -0.328232
34 234 -0.784272
35 34 -0.267995
35 35 1.70846
35 36 -0.331339
35 232 -0.32017
35 233 -0.196445
35 234 -0.592511
36 35 -0.331339
36 36 2.10073
36 37 -0.406611
36 233 -1.36278
37 36 -0.406611
37 37 1.78688
37 38 -0.282431
37 220 -0.222577
37 228 -0.764356
37 233 -0.110902
38 37 -0.282431
38 38 1.73337
38 39 -0.282602
38 225 -0.602246
38 228 -0.566093
39 38 -0.282602
39 39 1.7341
39 40 -0.26011
39 225 -0.613291
39 226 -0.578098
40 39 -0.26011
40 40 1.79554
40 41 -0.430701
40 222 -0.345912
40 226 -0.758818
41 40 -0.430701
41 41 1.90327
41 42 -0.0862126
41 222 -0.356991
41 554 -1.02937
42 41 -0.0862126
42 42 1.87381
42 43 -0.226799
42 554 -1.04324
42 557 -0.517553
43 42 -0.226799
43 43 1.79658
43 44 -0.126891
43 545 -0.66538
43 557 -0.777507
44 43 -0.126891
44 44 1.78117
44 45 -0.269723
44 503 -0.56551
44 545 -0.819049
45 44 -0.269723
45 45 1.76372
45 46 -0.173171
45 503 -0.537543
45 509 -0.783286
46 45 -0.173171
46 46 1.77284
46 47 -0.345682
46 509 -0.777671
46 510 -0.476315
47 46 -0.345682
47 47 1.73789
47 48 -0.315057
47 505 -0.562568
47 510 -0.514585
48 47 -0.315057
48 48 1.84966
48 49 -0.219851
48 505 -0.336354
48 609 -0.978399
49 48 -0.219851
49 49 0.829429
49 609 -0.378878
50 50 1
51 51 1.84665
51 52 -0.474619
51 504 -0.252928
51 513 -0.834509
52 51 -0.474619
52 52 2.03749
52 53 -0.0182629
52 504 -0.308457
52 550 -1.23615
53 52 -0.0182629
53 53 1.99784
53 54 -0.44893
53 547 -0.342569
53 550 -1.18807
54 53 -0.44893
54 54 1.87977
54 55 -0.141393
54 547 -0.321504
54 573 -0.967946
55 54 -0.141393
55 55 1.8861
55 56 -0.464729
55 568 -0.31701
55 573 -0.962967
56 55 -0.464729
56 56 1.81593
56 57 -0.28423
56 568 -0.302589
56 789 -0.764384
57 56 -0.28423
57 57 1.78923
57 58 -0.249395
57 579 -0.552482
57 789 -0.703127
58 57 -0.249395
58 58 1.82035
58 59 -0.159112
58 291 -0.513876
58 579 -0.897963
59 58 -0.159112
59 59 1.82854
59 60 -0.337629
59 291 -0.941786
59 452 -0.390011
60 59 -0.337629
60 60 1.8337
60 61 -0.0643184
60 452 -0.537155
60 566 -0.894601
61 60 -0.0643184
61 61 1.83566
61 62 -0.236374
61 566 -0.73947
61 633 -0.795496
62 61 -0.236374
62 62 1.8003
62 63 -0.227231
62 633 -0.163937
62 635 -0.941161
62 660 -0.231602
63 62 -0.227231
63 63 2.02299
63 64 -0.493825
63 659 -0.126007
63 660 -1.17593
64 63 -0.493825
64 64 1.8823
64 65 -0.196353
64 658 -0.911263
64 659 -0.280863
65 64 -0.196353
65 65 1.80996
65 66 -0.439337
65 658 -0.763159
65 673 -0.41111
66 65 -0.439337
66 66 1.71959
66 67 -0.2912
66 672 -0.381079
66 673 -0.278441
66 675 -0.329535
67 66 -0.2912
67 67 1.88462
67 68 -0.313846
67 666 -0.232497
67 675 -1.04707
68 67 -0.313846
68 68 1.80242
68 69 -0.446183
68 459 -0.304103
68 666 -0.738286
69 68 -0.446183
69 69 1.87998
69 70 -0.122501
69 459 -0.343395
69 462 -0.9679
70 69 -0.122501
70 70 1.79574
70 71 -0.290618
70 446 -0.51354
70 462 -0.869083
71 70 -0.290618
71 71 1.85259
71 72 -0.0444348
71 446 -0.530186
71 450 -0.98735
72 71 -0.0444348
72 72 1.8476
72 73 -0.216876
72 449 -0.781746
72 450 -0.804545
73 72 -0.216876
73 73 0.828691
73 74 -0.21677
73 449 -0.395045
74 73 -0.21677
74 74 1.86571
74 75 -0.0179273
74 448 -0.851069
74 449 -0.779943
75 74 -0.0179273
75 75 1.881
75 76 -0.290614
75 445 -0.528146
75 448 -1.04431
76 75 -0.290614
76 76 1.7958
76 77 -0.122421
76 445 -0.513538
76 456 -0.869223
77 76 -0.122421
77 77 1.88003
77 78 -0.446153
77 453 -0.343409
77 456 -0.96805
78 77 -0.446153
78 78 1.79414
78 79 -0.389107
78 453 -0.322321
78 695 -0.636558
79 78 -0.389107
79 79 1.78965
79 80 -0.31822
79 695 -0.308534
79 723 -0.773787
80 79 -0.31822
80 80 1.74711
80 81 -0.375686
80 696 -0.564092
80 723 -0.489107
81 80 -0.375686
81 81 1.74686
81 82 -0.32592
81 696 -0.459607
81 703 -0.585647
82 81 -0.32592
82 82 1.76076
82 83 -0.237638
82 703 -0.444435
82 757 -0.752767
83 82 -0.237638
83 83 1.73865
83 84 -0.328529
83 756 -0.571953
83 757 -0.60053
84 83 -0.328529
84 84 1.7515
84 85 -0.274372
84 756 -0.436635
84 758 -0.711969
85 84 -0.274372
85 85 1.79498
85 86 -0.48015
85 749 -0.38449
85 758 -0.655968
86 85 -0.48015
86 86 1.81719
86 87 -0.404224
86 749 -0.283082
86 762 -0.64973
87 86 -0.404224
87 87 1.91015
87 88 -0.0993992
87 762 -0.341844
87 765 -1.06468
88 87 -0.0993992
88 88 1.80191
88 89 -0.254833
88 318 -0.570999
88 765 -0.876677
89 88 -0.254833
89 89 1.73851
89 90 -0.295281
89 318 -0.662671
89 319 -0.525723
90 89 -0.295281
90 90 1.86036
90 91 -0.528215
90 99 -0.246808
90 319 -0.790058
91 90 -0.528215
91 91 1.82132
91 92 -0.367384
91 99 -0.322701
91 103 -0.603023
92 91 -0.367384
92 92 1.74602
92 93 -0.344791
92 103 -0.487341
92 104 -0.546502
93 92 -0.344791
93 93 1.78656
93 94 -0.162897
93 104 -0.458358
93 592 -0.820513
94 93 -0.162897
94 94 1.774
94 95 -0.284852
94 488 -0.508908
94 592 -0.817345
95 94 -0.284852
95 95 1.84966
95 96 -0.237885
95 488 -0.348866
95 603 -0.97806
96 95 -0.237885
96 96 1.83555
96 602 -0.926301
96 603 -0.286856
97 97 3.68063
97 371 -0.359181
97 372 -0.71106
97 387 -0.312709
97 398 -0.663036
97 399 -0.535943
97 402 -1.09871
98 98 3.79106
98 315 -0.643903
98 344 -1.1642
98 349 -0.135208
98 350 -0.436288
98 353 -0.501853
98 359 -0.909602
99 90 -0.246808
99 91 -0.322701
99 99 3.75337
99 103 -0.31858
99 311 -1.21608
99 319 -0.642312
99 323 -0.694943
99 327 -0.31195
100 100 3.66588
100 186 -0.870124
100 316 -0.68176
100 490 -0.463131
100 594 -0.709399
100 619 -0.83925
100 621 -0.102215
101 5 -0.289702
101 6 -0.319636
101 101 3.78225
101 183 -0.579368
101 188 -1.10189
101 489 -0.524074
101 598 -0.967583
102 102 3.51592
102 103 -0.350273
102 104 -0.683323
102 310 -0.268071
102 311 -0.345395
102 588 -0.568035
102 589 -0.384341
102 596 -0.916479
103 91 -0.603023
103 92 -0.487341
103 99 -0.31858
103 102 -0.350273
103 103 3.789
103 104 -0.796656
103 311 -1.23313
104 92 -0.546502
104 93 -0.458358
104 102 -0.683323
104 103 -0.796656
104 104 3.50811
104 588 -0.587618
104 592 -0.435655
105 105 3.88387
105 206 -0.484532
105 275 -0.446748
105 277 -1.24884
105 613 -0.575598
105 616 -0.962696
105 617 -0.165446
106 106 3.67113
106 141 -0.132934
106 144 -0.811584
106 194 -0.376894
106 195 -0.385714
106 196 -0.434909
106 605 -0.450262
106 606 -1.07883
107 107 3.87549
107 110 -0.0421539
107 111 -1.34727
107 114 -0.335112
107 125 -0.620428
107 134 -0.687891
107 198 -0.842641
108 108 4.00827
108 109 -0.867366
108 111 -1.23859
108 112 -0.665477
108 113 -1.0325
108 114 -0.204335
109 23 -1.13159
109 24 -0.871512
109 108 -0.867366
109 109 3.80016
109 110 -0.352443
109 111 -0.174724
109 112 -0.402527
110 22 -0.373063
110 23 -0.400872
110 107 -0.0421539
110 109 -0.352443
110 110 3.69603
110 111 -1.24939
110 125 -0.674909
110 126 -0.603193
111 107 -1.34727
111 108 -1.23859
111 109 -0.174724
111 110 -1.24939
111 111 4.28312
111 114 -0.273154
112 24 -0.813882
112 25 -0.474757
112 26 -0.813882
112 108 -0.665477
112 109 -0.402527
112 112 3.57305
112 113 -0.402527
113 26 -0.871512
113 27 -1.13159
113 108 -1.0325
113 112 -0.402527
113 113 3.90994
113 114 -0.4718
114 27 -0.400868
114 28 -0.368751
114 107 -0.335112
114 108 -0.204335
114 111 -0.273154
114 113 -0.4718
114 114 3.41044
114 198 -0.762811
114 199 -0.593613
115 115 3.61139
115 253 -0.379524
115 334 -0.610707
115 431 -0.0603554
115 432 -0.940425
115 433 -0.73378
115 441 -0.705188
115 442 -0.181411
116 116 3.98949
116 122 -0.340221
116 137 -0.186375
116 140 -0.813151
116 255 -0.32243
116 256 -1.2811
116 260 -0.956443
116 261 -0.0897745
117 16 -0.411919
117 17 -0.292414
117 117 3.6173
117 130 -0.857287
117 131 -0.791047
117 160 -0.59189
117 161 -0.672744
118 118 3.69594
118 154 -0.499483
118 155 -0.0612874
118 157 -0.651635
118 181 -1.06698
118 252 -0.666122
118 254 -0.750438
119 13 -0.247366
119 14 -0.434609
119 119 3.75617
119 153 -1.16595
119 154 -0.524917
119 155 -0.874408
119 156 -0.508913
120 120 3.8458
120 121 -0.104155
120 155 -0.716592
120 156 -0.459798
120 160 -0.451787
120 161 -1.09004
120 181 -1.02343
121 120 -0.104155
121 121 3.98441
121 122 -0.482043
121 161 -0.194227
121 181 -1.15159
121 254 -0.768457
121 256 -1.28393
122 116 -0.340221
122 121 -0.482043
122 122 3.68557
122 131 -0.669555
122 137 -0.781471
122 161 -1.09735
122 256 -0.314934
123 123 3.92003
123 138 -0.437098
123 139 -1.00229
123 141 -0.0990838
123 142 -0.88506
123 182 -0.319045
123 595 -1.17745
124 124 3.78034
124 127 -0.247227
124 133 -0.932413
124 142 -0.356525
124 143 -0.970993
124 144 -0.321339
124 145 -0.951845
125 107 -0.620428
125 110 -0.674909
125 125 3.65903
125 126 -0.216664
125 133 -1.08961
125 134 -0.507599
125 145 -0.549822
126 21 -0.726098
126 22 -0.820758
126 110 -0.603193
126 125 -0.216664
126 126 3.67557
126 127 -0.344718
126 133 -0.964137
127 20 -0.455178
127 21 -0.483636
127 124 -0.247227
127 126 -0.344718
127 127 3.47027
127 128 -0.0457088
127 132 -0.497806
127 133 -0.80622
127 143 -0.589777
128 127 -0.0457088
128 128 4.08486
128 132 -1.14245
128 143 -1.15816
128 567 -0.625698
128 595 -1.11284
129 129 3.70142
129 130 -0.699102
129 131 -0.512555
129 138 -0.73006
129 567 -0.748443
129 595 -1.01126
130 17 -0.804608
130 18 -0.475544
130 117 -0.857287
130 129 -0.699102
130 130 3.57355
130 131 -0.395924
130 567 -0.341086
131 117 -0.791047
131 122 -0.669555
131 129 -0.512555
131 130 -0.395924
131 131 3.52538
131 137 -0.64023
131 138 -0.466065
131 161 -0.0499998
132 19 -1.00467
132 20 -1.03733
132 127 -0.497806
132 128 -1.14245
132 132 3.94631
132 567 -0.264042
133 124 -0.932413
133 125 -1.08961
133 126 -0.964137
133 127 -0.80622
133 133 3.91209
133 145 -0.119716
134 107 -0.687891
134 125 -0.507599
134 134 3.76813
134 145 -0.977202
134 198 -0.0403218
134 606 -0.963677
134 607 -0.591444
135 135 3.77621
135 182 -0.555779
135 195 -0.873444
135 206 -0.149877
135 207 -1.01057
135 611 -0.33238
135 655 -0.854153
136 136 3.96343
136 137 -0.0907739
136 139 -1.07847
136 140 -1.19294
136 182 -0.23569
136 612 -0.379971
136 655 -0.985587
137 116 -0.186375
137 122 -0.781471
137 131 -0.64023
137 136 -0.0907739
137 137 3.80436
137 138 -0.769108
137 139 -0.140471
137 140 -1.19592
138 123 -0.437098
138 129 -0.73006
138 131 -0.466065
138 137 -0.769108
138 138 3.7134
138 139 -1.10013
138 595 -0.210936
139 123 -1.00229
139 136 -1.07847
139 137 -0.140471
139 138 -1.10013
139 139 4.01203
139 182 -0.690668
140 116 -0.813151
140 136 -1.19294
140 137 -1.19592
140 140 4.14971
140 260 -0.93715
140 612 -0.0105483
141 106 -0.132934
141 123 -0.0990838
141 141 3.91608
141 142 -0.806782
141 144 -0.792495
141 182 -0.924228
141 195 -1.16056
142 123 -0.88506
142 124 -0.356525
142 141 -0.806782
142 142 3.82551
142 143 -1.14923
142 144 -0.543998
142 595 -0.0839132
143 124 -0.970993
143 127 -0.589777
143 128 -1.15816
143 142 -1.14923
143 143 4.0319
143 595 -0.163744
144 106 -0.811584
144 124 -0.321339
144 141 -0.792495
144 142 -0.543998
144 144 3.77862
144 145 -1.13554
144 606 -0.173667
145 124 -0.951845
145 125 -0.549822
145 133 -0.119716
145 134 -0.977202
145 144 -1.13554
145 145 3.89138
145 606 -0.157257
146 146 4.18202
146 168 -0.0164117
146 177 -1.21427
146 179 -0.6376
146 338 -0.0455835
146 339 -1.41235
146 340 -0.855807
147 147 3.91923
147 150 -0.65901
147 152 -0.243981
147 158 -1.02641
147 169 -0.940774
147 174 -1.04905
148 148 3.68157
148 149 -0.0123046
148 150 -1.06901
148 157 -0.387882
148 252 -0.71693
148 253 -0.725142
148 334 -0.175349
148 335 -0.59495
149 148 -0.0123046
149 149 4.08758
149 150 -1.02667
149 169 -0.925165
149 335 -0.832292
149 339 -1.29115
150 147 -0.65901
150 148 -1.06901
150 149 -1.02667
150 150 3.76941
150 157 -0.343054
150 158 -0.446563
150 169 -0.225108
151 11 -0.764217
151 12 -0.748537
151 151 3.78803
151 152 -0.663499
151 153 -0.173228
151 171 -0.279911
151 174 -1.15864
152 147 -0.243981
152 151 -0.663499
152 152 3.91941
152 153 -1.20292
152 154 -0.620083
152 158 -1.09388
152 174 -0.0950514
153 12 -0.472625
153 13 -1.00091
153 119 -1.16595
153 151 -0.173228
153 152 -1.20292
153 153 4.037
153 154 -0.0213588
154 118 -0.499483
154 119 -0.524917
154 152 -0.620083
154 153 -0.0213588
154 154 3.63071
154 155 -0.988667
154 157 -0.653055
154 158 -0.32315
155 118 -0.0612874
155 119 -0.874408
155 120 -0.716592
155 154 -0.988667
155 155 3.73687
155 156 -0.466068
155 181 -0.629847
156 14 -0.853835
156 15 -0.760575
156 119 -0.508913
156 120 -0.459798
156 155 -0.466068
156 156 3.53919
156 160 -0.489996
157 118 -0.651635
157 148 -0.387882
157 150 -0.343054
157 154 -0.653055
157 157 3.59707
157 158 -1.01368
157 252 -0.547762
158 147 -1.02641
158 150 -0.446563
158 152 -1.09388
158 154 -0.32315
158 157 -1.01368
158 158 3.90369
159 159 3.58167
159 452 -0.542566
159 566 -0.778236
159 633 -0.344889
159 741 -0.650586
159 742 -0.40272
159 745 -0.862675
160 15 -0.546898
160 16 -0.633975
160 117 -0.59189
160 120 -0.451787
160 156 -0.489996
160 160 3.52986
160 161 -0.81531
161 117 -0.672744
161 120 -1.09004
161 121 -0.194227
161 122 -1.09735
161 131 -0.0499998
161 160 -0.81531
161 161 3.91967
162 162 4.05053
162 164 -0.0425596
162 165 -0.512715
162 175 -0.503913
162 180 -1.12692
162 184 -0.478235
162 187 -1.38618
163 163 3.70704
163 165 -0.889461
163 179 -0.758772
163 313 -0.632892
163 314 -0.815245
163 336 -0.610668
164 162 -0.0425596
164 164 3.8561
164 165 -1.0762
164 186 -0.929764
164 187 -0.184065
164 313 -0.841848
164 316 -0.781672
165 162 -0.512715
165 163 -0.889461
165 164 -1.0762
165 165 4.07751
165 179 -0.209582
165 180 -1.30757
165 313 -0.0819915
166 7 -0.54334
166 8 -0.467168
166 166 3.52772
166 170 -0.647981
166 175 -0.630912
166 183 -0.475499
166 184 -0.76282
167 167 3.98312
167 170 -0.71114
167 172 -1.06693
167 173 -0.446509
167 175 -0.361745
167 177 -0.138093
167 178 -1.2587
168 146 -0.0164117
168 168 4.16169
168 169 -1.31638
168 171 -0.0735989
168 172 -1.19496
168 174 -0.340455
168 177 -1.11403
168 339 -0.105863
169 147 -0.940774
169 149 -0.925165
169 150 -0.225108
169 168 -1.31638
169 169 3.97515
169 174 -0.244063
169 339 -0.323652
170 8 -0.767859
170 9 -0.858829
170 166 -0.647981
170 167 -0.71114
170 170 3.62604
170 173 -0.456137
170 175 -0.184099
171 10 -0.322782
171 11 -0.301158
171 151 -0.279911
171 168 -0.0735989
171 171 3.85004
171 172 -0.879645
171 173 -0.897944
171 174 -1.095
172 167 -1.06693
172 168 -1.19496
172 171 -0.879645
172 172 4.02106
172 173 -0.699615
172 177 -0.179908
173 9 -0.418726
173 10 -0.686166
173 167 -0.446509
173 170 -0.456137
173 171 -0.897944
173 172 -0.699615
173 173 3.6051
174 147 -1.04905
174 151 -1.15864
174 152 -0.0950514
174 168 -0.340455
174 169 -0.244063
174 171 -1.095
174 174 3.98226
175 162 -0.503913
175 166 -0.630912
175 167 -0.361745
175 170 -0.184099
175 175 3.7091
175 178 -1.17805
175 180 -0.24153
175 184 -0.608851
176 176 4.07584
176 177 -0.890408
176 178 -1.02993
176 179 -0.914096
176 180 -1.2414
177 146 -1.21427
177 167 -0.138093
177 168 -1.11403
177 172 -0.179908
177 176 -0.890408
177 177 3.97993
177 178 -0.399044
177 179 -0.0441795
178 167 -1.2587
178 175 -1.17805
178 176 -1.02993
178 177 -0.399044
178 178 4.10428
178 180 -0.238561
179 146 -0.6376
179 163 -0.758772
179 165 -0.209582
179 176 -0.914096
179 177 -0.0441795
179 179 3.58562
179 180 -0.0666492
179 336 -0.425139
179 340 -0.529607
180 162 -1.12692
180 165 -1.30757
180 175 -0.24153
180 176 -1.2414
180 178 -0.238561
180 179 -0.0666492
180 180 4.22263
181 118 -1.06698
181 120 -1.02343
181 121 -1.15159
181 155 -0.629847
181 181 4.02079
181 254 -0.148943
182 123 -0.319045
182 135 -0.555779
182 136 -0.23569
182 139 -0.690668
182 141 -0.924228
182 182 3.59576
182 195 -0.195087
182 655 -0.675266
183 6 -0.758415
183 7 -0.558594
183 101 -0.579368
183 166 -0.475499
183 183 3.517
183 184 -0.528791
183 188 -0.616331
184 162 -0.478235
184 166 -0.76282
184 175 -0.608851
184 183 -0.528791
184 184 3.6204
184 187 -0.263817
184 188 -0.977887
185 185 3.98338
185 186 -0.381129
185 187 -1.06806
185 188 -1.26232
185 489 -0.442905
185 490 -0.828973
186 100 -0.870124
186 164 -0.929764
186 185 -0.381129
186 186 3.85545
186 187 -1.16013
186 316 -0.109829
186 490 -0.404472
187 162 -1.38618
187 164 -0.184065
187 184 -0.263817
187 185 -1.06806
187 186 -1.16013
187 187 4.19268
187 188 -0.130423
188 101 -1.10189
188 183 -0.616331
188 184 -0.977887
188 185 -1.26232
188 187 -0.130423
188 188 4.09491
188 489 -0.00606638
189 189 3.96778
189 419 -0.603529
189 494 -0.942234
189 524 -0.187524
189 534 -1.1044
189 542 -1.13009
190 190 4.03193
190 244 -0.09077
190 268 -0.185612
190 269 -1.27313
190 286 -0.451479
190 301 -0.934875
190 303 -1.09606
191 191 3.54799
191 219 -0.696374
191 236 -0.378312
191 266 -0.613151
191 267 -0.596772
191 279 -0.684864
191 280 -0.578516
192 192 3.9358
192 202 -0.29122
192 203 -1.0981
192 214 -0.734656
192 215 -0.797511
192 610 -1.01431
193 193 3.74149
193 194 -0.101231
193 206 -0.18081
193 207 -0.536244
193 216 -0.0260698
193 217 -0.670273
193 218 -0.471538
193 275 -0.661148
193 276 -1.09418
194 106 -0.376894
194 193 -0.101231
194 194 4.10609
194 195 -1.04566
194 196 -0.220551
194 207 -1.02654
194 218 -1.33522
195 106 -0.385714
195 135 -0.873444
195 141 -1.16056
195 182 -0.195087
195 194 -1.04566
195 195 3.8926
195 207 -0.23213
196 106 -0.434909
196 194 -0.220551
196 196 4.08804
196 203 -1.23877
196 217 -0.065339
196 218 -1.27533
196 605 -0.853138
197 197 3.63736
197 198 -0.466079
197 199 -0.148429
197 200 -0.596285
197 202 -0.43717
197 204 -0.582275
197 605 -0.481051
197 607 -0.926075
198 107 -0.842641
198 114 -0.762811
198 134 -0.0403218
198 197 -0.466079
198 198 3.8147
198 199 -0.601119
198 607 -1.10173
199 28 -0.828099
199 29 -0.693769
199 114 -0.593613
199 197 -0.148429
199 198 -0.601119
199 199 3.62124
199 200 -0.756214
200 29 -0.51748
200 30 -0.450083
200 197 -0.596285
200 199 -0.756214
200 200 3.66216
200 204 -1.04264
200 205 -0.299459
201 201 3.7999
201 202 -0.376945
201 204 -0.976911
201 205 -0.790157
201 211 -0.697098
201 214 -0.958787
202 192 -0.29122
202 197 -0.43717
202 201 -0.376945
202 202 3.84878
202 203 -1.24392
202 204 -1.01159
202 214 -0.19052
202 605 -0.29741
203 192 -1.0981
203 196 -1.23877
203 202 -1.24392
203 203 4.1493
203 217 -0.420588
203 605 -0.123095
203 610 -0.024827
204 197 -0.582275
204 200 -1.04264
204 201 -0.976911
204 202 -1.01159
204 204 3.87816
204 205 -0.264743
205 30 -1.04178
205 31 -0.860713
205 200 -0.299459
205 201 -0.790157
205 204 -0.264743
205 205 3.71148
205 211 -0.454626
206 105 -0.484532
206 135 -0.149877
206 193 -0.18081
206 206 3.79954
206 207 -1.14484
206 275 -0.96225
206 611 -0.756921
206 613 -0.12031
207 135 -1.01057
207 193 -0.536244
207 194 -1.02654
207 195 -0.23213
207 206 -1.14484
207 207 3.95033
208 33 -0.383199
208 34 -0.328232
208 208 3.7836
208 212 -0.345315
208 213 -0.66257
208 234 -0.911962
208 235 -0.0496103
208 237 -1.10271
209 209 3.93608
209 213 -0.821544
209 215 -1.13579
209 219 -1.15185
209 236 -0.380909
209 237 -0.445983
210 210 3.77203
210 211 -0.842633
210 212 -0.838589
210 213 -0.918244
210 214 -0.811377
210 215 -0.361186
211 31 -0.677603
211 32 -0.508586
211 201 -0.697098
211 205 -0.454626
211 210 -0.842633
211 211 3.53923
211 212 -0.150573
211 214 -0.20811
212 32 -1.04143
212 33 -1.00846
212 208 -0.345315
212 210 -0.838589
212 211 -0.150573
212 212 3.79667
212 213 -0.412302
213 208 -0.66257
213 209 -0.821544
213 210 -0.918244
213 212 -0.412302
213 213 3.75461
213 215 -0.0954429
213 237 -0.844507
214 192 -0.734656
214 201 -0.958787
214 202 -0.19052
214 210 -0.811377
214 211 -0.20811
214 214 3.78129
214 215 -0.877835
215 192 -0.797511
215 209 -1.13579
215 210 -0.361186
215 213 -0.0954429
215 214 -0.877835
215 215 3.88678
215 219 -0.0195647
215 610 -0.599452
216 193 -0.0260698
216 216 4.09916
216 217 -0.467754
216 219 -0.735579
216 276 -0.53722
216 280 -1.1134
216 610 -1.21914
217 193 -0.670273
217 196 -0.065339
217 203 -0.420588
217 216 -0.467754
217 217 4.0199
217 218 -1.19638
217 610 -1.19956
218 193 -0.471538
218 194 -1.33522
218 196 -1.27533
218 217 -1.19638
218 218 4.27847
219 191 -0.696374
219 209 -1.15185
219 215 -0.0195647
219 216 -0.735579
219 219 3.86195
219 236 -0.343024
219 280 -0.788963
219 610 -0.126595
220 37 -0.222577
220 220 3.96245
220 228 -0.670899
220 233 -1.1637
220 240 -0.962626
220 246 -0.942648
221 221 3.81871
221 229 -0.0901347
221 294 -1.08717
221 529 -0.46213
221 530 -0.848049
221 531 -0.45202
221 729 -0.879207
222 40 -0.345912
222 41 -0.356991
222 222 3.82536
222 226 -0.445465
222 501 -1.13217
222 554 -0.445225
222 555 -1.09959
223 223 3.90714
223 227 -0.806629
223 229 -0.261273
223 241 -0.0014408
223 243 -1.1377
223 245 -0.950417
223 500 -0.749677
224 224 3.69274
224 229 -0.272876
224 242 -0.440696
224 243 -0.60023
224 244 -0.468132
224 293 -0.0547866
224 294 -0.742974
224 304 -1.11305
225 38 -0.602246
225 39 -0.613291
225 225 3.62082
225 226 -0.326882
225 227 -1.07424
225 228 -0.549952
225 245 -0.454205
226 39 -0.578098
226 40 -0.758818
226 222 -0.445465
226 225 -0.326882
226 226 3.61385
226 227 -0.655175
226 501 -0.849416
227 223 -0.806629
227 225 -1.07424
227 226 -0.655175
227 227 3.70779
227 245 -0.152469
227 500 -0.500478
227 501 -0.518799
228 37 -0.764356
228 38 -0.566093
228 220 -0.670899
228 225 -0.549952
228 228 3.53143
228 245 -0.615422
228 246 -0.364707
229 221 -0.0901347
229 223 -0.261273
229 224 -0.272876
229 229 3.68784
229 243 -0.919437
229 294 -0.922401
229 500 -0.339457
229 729 -0.882262
230 230 3.4953
230 565 -0.765756
230 580 -0.591741
230 581 -0.304903
230 731 -0.154553
230 736 -0.475166
230 746 -0.478119
230 747 -0.72506
231 231 3.78379
231 232 -0.0149926
231 235 -1.40443
231 236 -0.593313
231 239 -0.407459
231 240 -0.376898
231 264 -0.313692
231 265 -0.0959948
231 266 -0.577012
232 35 -0.32017
232 231 -0.0149926
232 232 4.07814
232 233 -1.09466
232 234 -0.422194
232 235 -1.21
232 240 -1.01612
233 35 -0.196445
233 36 -1.36278
233 37 -0.110902
233 220 -1.1637
233 232 -1.09466
233 233 4.19678
233 240 -0.268294
234 34 -0.784272
234 35 -0.592511
234 208 -0.911962
234 232 -0.422194
234 234 3.87286
234 235 -1.16192
235 208 -0.0496103
235 231 -1.40443
235 232 -1.21
235 234 -1.16192
235 235 4.28636
235 236 -0.0286004
235 237 -0.431795
236 191 -0.378312
236 209 -0.380909
236 219 -0.343024
236 231 -0.593313
236 235 -0.0286004
236 236 3.70776
236 237 -1.12611
236 266 -0.857493
237 208 -1.10271
237 209 -0.445983
237 213 -0.844507
237 235 -0.431795
237 236 -1.12611
237 237 3.9511
238 238 3.90044
238 239 -0.0101476
238 241 -0.467636
238 242 -0.825007
238 244 -0.145902
238 265 -1.46431
238 268 -0.498846
238 269 -0.48859
239 231 -0.407459
239 238 -0.0101476
239 239 4.16367
239 240 -1.28203
239 241 -0.45932
239 246 -0.455158
239 265 -1.54955
240 220 -0.962626
240 231 -0.376898
240 232 -1.01612
240 233 -0.268294
240 239 -1.28203
240 240 3.99439
240 246 -0.0884106
241 223 -0.0014408
241 238 -0.467636
241 239 -0.45932
241 241 3.74977
241 242 -0.828503
241 243 -0.344639
241 245 -0.648909
241 246 -0.999321
242 224 -0.440696
242 238 -0.825007
242 241 -0.828503
242 242 3.70069
242 243 -0.856577
242 244 -0.749906
243 223 -1.1377
243 224 -0.60023
243 229 -0.919437
243 241 -0.344639
243 242 -0.856577
243 243 3.85858
244 190 -0.09077
244 224 -0.468132
244 238 -0.145902
244 242 -0.749906
244 244 3.95247
244 269 -1.31745
244 303 -0.143751
244 304 -1.03656
245 223 -0.950417
245 225 -0.454205
245 227 -0.152469
245 228 -0.615422
245 241 -0.648909
245 245 3.75594
245 246 -0.934516
246 220 -0.942648
246 228 -0.364707
246 239 -0.455158
246 240 -0.0884106
246 241 -0.999321
246 245 -0.934516
246 246 3.78476
247 247 3.91716
247 299 -0.69854
247 366 -0.0489634
247 397 -1.0195
247 412 -0.942882
247 424 -0.924047
247 425 -0.283229
248 248 3.79376
248 281 -0.213606
248 283 -0.433375
248 363 -0.737369
248 364 -0.384402
248 369 -1.12947
248 370 -0.89553
249 249 3.78772
249 259 -0.160694
249 362 -0.705533
249 430 -0.418795
249 615 -1.26433
249 734 -0.584905
249 735 -0.485443
249 738 -0.168023
250 250 3.68898
250 255 -0.2525
250 257 -1.11817
250 259 -0.51656
250 261 -0.655838
250 430 -0.456271
250 431 -0.68964
251 251 3.74015
251 252 -0.66839
251 253 -0.457299
251 254 -0.692115
251 257 -1.04221
251 432 -0.880133
252 118 -0.666122
252 148 -0.71693
252 157 -0.547762
252 251 -0.66839
252 252 3.50326
252 253 -0.521174
252 254 -0.382883
253 115 -0.379524
253 148 -0.725142
253 251 -0.457299
253 252 -0.521174
253 253 3.56027
253 334 -0.818913
253 432 -0.65822
254 118 -0.750438
254 121 -0.768457
254 181 -0.148943
254 251 -0.692115
254 252 -0.382883
254 254 3.49636
254 255 -0.408964
254 256 -0.144032
254 257 -0.200527
255 116 -0.32243
255 250 -0.2525
255 254 -0.408964
255 255 3.95183
255 256 -1.22203
255 257 -1.17023
255 261 -0.57567
256 116 -1.2811
256 121 -1.28393
256 122 -0.314934
256 254 -0.144032
256 255 -1.22203
256 256 4.24603
257 250 -1.11817
257 251 -1.04221
257 254 -0.200527
257 255 -1.17023
257 257 3.9875
257 431 -0.20257
257 432 -0.253794
258 258 3.8448
258 259 -0.337076
258 260 -0.184446
258 261 -0.800046
258 612 -0.997471
258 613 -0.375084
258 618 -1.15067
259 249 -0.160694
259 250 -0.51656
259 258 -0.337076
259 259 3.71942
259 261 -0.640447
259 430 -0.507068
259 615 -1.29817
259 618 -0.259406
260 116 -0.956443
260 140 -0.93715
260 258 -0.184446
260 260 3.99154
260 261 -0.874969
260 612 -1.03853
261 116 -0.0897745
261 250 -0.655838
261 255 -0.57567
261 258 -0.800046
261 259 -0.640447
261 260 -0.874969
261 261 3.63674
262 262 4.03177
262 273 -0.869103
262 278 -0.0294508
262 285 -1.09775
262 287 -0.850974
262 289 -1.18449
263 263 3.5726
263 264 -0.319574
263 267 -0.643013
263 268 -0.598602
263 278 -0.743124
263 285 -0.598223
263 286 -0.670063
264 231 -0.313692
264 263 -0.319574
264 264 3.93123
264 265 -1.54543
264 266 -0.800506
264 267 -0.420044
264 268 -0.531986
265 231 -0.0959948
265 238 -1.46431
265 239 -1.54955
265 264 -1.54543
265 265 4.73777
265 268 -0.0824928
266 191 -0.613151
266 231 -0.577012
266 236 -0.857493
266 264 -0.800506
266 266 3.72194
266 267 -0.873775
267 191 -0.596772
267 263 -0.643013
267 264 -0.420044
267 266 -0.873775
267 267 3.58597
267 278 -0.518807
267 279 -0.533556
268 190 -0.185612
268 238 -0.498846
268 263 -0.598602
268 264 -0.531986
268 265 -0.0824928
268 268 3.70629
268 269 -1.17238
268 286 -0.636373
269 190 -1.27313
269 238 -0.48859
269 244 -1.31745
269 268 -1.17238
269 269 4.25155
270 270 3.94419
270 271 -0.0755472
270 281 -0.00870644
270 289 -0.443924
270 362 -0.235477
270 364 -1.20201
270 617 -0.937695
270 738 -1.04083
271 270 -0.0755472
271 271 3.98474
271 273 -0.682199
271 274 -0.0998301
271 277 -1.09902
271 289 -1.17391
271 617 -0.854233
272 272 3.73826
272 273 -0.549807
272 274 -0.573932
272 276 -0.783885
272 278 -0.128718
272 279 -1.01487
272 280 -0.687045
273 262 -0.869103
273 271 -0.682199
273 272 -0.549807
273 273 3.63846
273 274 -0.716481
273 278 -0.732915
273 289 -0.0879551
274 271 -0.0998301
274 272 -0.573932
274 273 -0.716481
274 274 3.77144
274 275 -0.654133
274 276 -0.4719
274 277 -1.25517
275 105 -0.446748
275 193 -0.661148
275 206 -0.96225
275 274 -0.654133
275 275 3.68541
275 276 -0.824057
275 277 -0.137078
276 193 -1.09418
276 216 -0.53722
276 272 -0.783885
276 274 -0.4719
276 275 -0.824057
276 276 3.80261
276 280 -0.0913669
277 105 -1.24884
277 271 -1.09902
277 274 -1.25517
277 275 -0.137078
277 277 4.15418
277 617 -0.414076
278 262 -0.0294508
278 263 -0.743124
278 267 -0.518807
278 272 -0.128718
278 273 -0.732915
278 278 3.71407
278 279 -1.0097
278 285 -0.551351
279 191 -0.684864
279 267 -0.533556
279 272 -1.01487
279 278 -1.0097
279 279 3.77849
279 280 -0.535501
280 191 -0.578516
280 216 -1.1134
280 219 -0.788963
280 272 -0.687045
280 276 -0.0913669
280 279 -0.535501
280 280 3.79479
281 248 -0.213606
281 270 -0.00870644
281 281 4.00652
281 283 -0.635865
281 287 -0.64352
281 289 -1.20234
281 364 -1.30248
282 282 4.10479
282 283 -0.204371
282 288 -1.3792
282 296 -0.0382563
282 299 -0.288387
282 300 -1.21945
282 301 -0.115462
282 367 -0.859659
283 248 -0.433375
283 281 -0.635865
283 282 -0.204371
283 283 3.52519
283 287 -0.601657
283 288 -0.340308
283 367 -0.571319
283 370 -0.738291
284 284 3.83646
284 285 -0.690756
284 286 -0.725212
284 287 -0.475451
284 288 -1.04002
284 301 -0.905023
285 262 -1.09775
285 263 -0.598223
285 278 -0.551351
285 284 -0.690756
285 285 3.76233
285 286 -0.73072
285 287 -0.0935324
286 190 -0.451479
286 263 -0.670063
286 268 -0.636373
286 284 -0.725212
286 285 -0.73072
286 286 3.54156
286 301 -0.327717
287 262 -0.850974
287 281 -0.64352
287 283 -0.601657
287 284 -0.475451
287 285 -0.0935324
287 287 3.74376
287 288 -1.05369
287 289 -0.0249359
288 282 -1.3792
288 283 -0.340308
288 284 -1.04002
288 287 -1.05369
288 288 4.12587
288 301 -0.312651
289 262 -1.18449
289 270 -0.443924
289 271 -1.17391
289 273 -0.0879551
289 281 -1.20234
289 287 -0.0249359
289 289 4.11756
290 290 3.67722
290 291 -0.849816
290 452 -0.702837
290 580 -0.779956
290 741 -0.711068
290 746 -0.633546
291 58 -0.513876
291 59 -0.941786
291 290 -0.849816
291 291 3.91073
291 452 -0.331275
291 579 -1.19519
291 580 -0.0787861
292 292 4.11716
292 298 -0.315751
292 302 -1.07925
292 413 -1.31261
292 525 -0.120425
292 526 -0.15772
292 533 -1.1314
293 224 -0.0547866
293 293 3.92646
293 294 -1.1268
293 302 -1.29244
293 304 -0.436112
293 528 -0.586247
293 529 -0.430065
294 221 -1.08717
294 224 -0.742974
294 229 -0.922401
294 293 -1.1268
294 294 3.97771
294 529 -0.0983663
295 295 4.09123
295 298 -0.897509
295 302 -1.31027
295 303 -0.938308
295 304 -0.945142
296 282 -0.0382563
296 296 4.05803
296 298 -0.848028
296 300 -1.07428
296 301 -1.13806
296 303 -0.959407
297 297 3.73717
297 298 -0.811877
297 299 -0.551112
297 300 -0.548712
297 412 -0.882024
297 413 -0.943444
298 292 -0.315751
298 295 -0.897509
298 296 -0.848028
298 297 -0.811877
298 298 3.62864
298 300 -0.222728
298 302 -0.0814795
298 303 -0.141766
298 413 -0.309502
299 247 -0.69854
299 282 -0.288387
299 297 -0.551112
299 299 3.54422
299 300 -0.910099
299 366 -0.501209
299 367 -0.436532
299 412 -0.158336
300 282 -1.21945
300 296 -1.07428
300 297 -0.548712
300 298 -0.222728
300 299 -0.910099
300 300 3.97527
301 190 -0.934875
301 282 -0.115462
301 284 -0.905023
301 286 -0.327717
301 288 -0.312651
301 296 -1.13806
301 301 3.86682
301 303 -0.133037
302 292 -1.07925
302 293 -1.29244
302 295 -1.31027
302 298 -0.0814795
302 302 4.21729
302 304 -0.00637977
302 528 -0.105216
302 533 -0.342246
303 190 -1.09606
303 244 -0.143751
303 295 -0.938308
303 296 -0.959407
303 298 -0.141766
303 301 -0.133037
303 303 3.83741
303 304 -0.425075
304 224 -1.11305
304 244 -1.03656
304 293 -0.436112
304 295 -0.945142
304 302 -0.00637977
304 303 -0.425075
304 304 3.96232
305 305 3.86949
305 640 -0.292758
305 662 -1.1147
305 685 -0.842393
305 709 -0.14757
305 716 -1.02161
305 719 -0.450469
306 306 3.72934
306 383 -0.160273
306 384 -0.387119
306 714 -0.962749
306 772 -0.540571
306 776 -0.894249
306 785 -0.78438
307 307 3.83735
307 347 -0.166364
307 348 -0.892308
307 752 -0.901419
307 782 -0.247523
307 786 -0.883619
307 787 -0.746116
308 308 3.93628
308 324 -0.637457
308 325 -1.04759
308 351 -0.285111
308 352 -1.18068
308 620 -0.785437
309 309 3.63986
309 310 -0.307588
309 324 -0.617143
309 596 -0.791922
309 619 -0.575422
309 620 -0.453963
309 621 -0.893821
310 102 -0.268071
310 309 -0.307588
310 310 3.75739
310 311 -1.22295
310 324 -0.505197
310 327 -0.794601
310 596 -0.65898
311 99 -1.21608
311 102 -0.345395
311 103 -1.23313
311 310 -1.22295
311 311 4.17469
311 327 -0.157131
312 312 3.57043
312 313 -0.624249
312 315 -0.803564
312 316 -0.615234
312 351 -0.533438
312 353 -0.198319
312 620 -0.761212
312 621 -0.034411
313 163 -0.632892
313 164 -0.841848
313 165 -0.0819915
313 312 -0.624249
313 313 3.56365
313 314 -0.717878
313 315 -0.337188
313 316 -0.327601
314 163 -0.815245
314 313 -0.717878
314 314 3.94425
314 315 -0.814559
314 336 -0.249334
314 344 -1.34723
315 98 -0.643903
315 312 -0.803564
315 313 -0.337188
315 314 -0.814559
315 315 3.7088
315 344 -0.108984
315 353 -1.0006
316 100 -0.68176
316 164 -0.781672
316 186 -0.109829
316 312 -0.615234
316 313 -0.327601
316 316 3.79254
316 621 -1.27645
317 317 3.94125
317 320 -0.877658
317 322 -0.0119615
317 323 -0.0616437
317 326 -1.25912
317 751 -0.407593
317 764 -0.931213
317 793 -0.392054
318 88 -0.570999
318 89 -0.662671
318 318 3.64064
318 319 -0.282358
318 320 -0.798619
318 764 -0.937109
318 765 -0.388884
319 89 -0.525723
319 90 -0.790058
319 99 -0.642312
319 318 -0.282358
319 319 3.60509
319 320 -0.827795
319 323 -0.536845
320 317 -0.877658
320 318 -0.798619
320 319 -0.827795
320 320 3.81138
320 323 -0.848252
320 764 -0.459056
321 321 3.96825
321 325 -1.06056
321 326 -0.92405
321 346 -0.2057
321 348 -0.280114
321 352 -0.149528
321 751 -0.161868
321 752 -1.18643
322 317 -0.0119615
322 322 3.90507
322 323 -0.757078
322 324 -0.39938
322 325 -0.805194
322 326 -1.1131
322 327 -0.818357
323 99 -0.694943
323 317 -0.0616437
323 319 -0.536845
323 320 -0.848252
323 322 -0.757078
323 323 3.78422
323 327 -0.885462
324 308 -0.637457
324 309 -0.617143
324 310 -0.505197
324 322 -0.39938
324 324 3.48448
324 325 -0.368727
324 327 -0.708981
324 620 -0.247592
325 308 -1.04759
325 321 -1.06056
325 322 -0.805194
325 324 -0.368727
325 325 3.86003
325 326 -0.344979
325 352 -0.232988
326 317 -1.25912
326 321 -0.92405
326 322 -1.1131
326 325 -0.344979
326 326 4.02697
326 751 -0.385719
327 99 -0.31195
327 310 -0.794601
327 311 -0.157131
327 322 -0.818357
327 323 -0.885462
327 324 -0.708981
327 327 3.67648
328 328 3.89811
328 349 -0.290454
328 357 -0.382987
328 385 -1.07492
328 739 -0.735624
328 783 -0.263692
328 790 -1.15044
329 329 3.67582
329 343 -0.335385
329 355 -0.142399
329 358 -0.927413
329 375 -0.733445
329 436 -0.499432
329 437 -0.812384
329 443 -0.225359
330 330 3.58204
330 355 -0.211823
330 356 -0.930825
330 357 -0.0784223
330 381 -0.213478
330 382 -0.546409
330 383 -0.821601
330 384 -0.164454
330 385 -0.615031
331 331 3.56483
331 342 -0.672248
331 343 -0.0749031
331 349 -0.24381
331 356 -0.496401
331 357 -0.844141
331 358 -0.706096
331 359 -0.527236
332 332 3.72629
332 337 -0.21983
332 342 -0.589404
332 343 -0.683527
332 345 -1.17571
332 439 -0.658148
332 443 -0.399676
333 333 3.56908
333 334 -0.379292
333 335 -0.810439
333 337 -0.489794
333 338 -0.550736
333 439 -0.86824
333 441 -0.470578
334 115 -0.610707
334 148 -0.175349
334 253 -0.818913
334 333 -0.379292
334 334 3.69344
334 335 -0.8869
334 441 -0.822274
335 148 -0.59495
335 149 -0.832292
335 333 -0.810439
335 334 -0.8869
335 335 3.68642
335 338 -0.547213
335 339 -0.0146255
336 163 -0.610668
336 179 -0.425139
336 314 -0.249334
336 336 3.46389
336 337 -0.277359
336 340 -0.883142
336 341 -0.332127
336 344 -0.181004
336 345 -0.505119
337 332 -0.21983
337 333 -0.489794
337 336 -0.277359
337 337 3.61996
337 338 -0.518519
337 340 -0.553414
337 345 -1.15195
337 439 -0.409095
338 146 -0.0455835
338 333 -0.550736
338 335 -0.547213
338 337 -0.518519
338 338 3.82546
338 339 -1.28208
338 340 -0.881328
339 146 -1.41235
339 149 -1.29115
339 168 -0.105863
339 169 -0.323652
339 335 -0.0146255
339 338 -1.28208
339 339 4.42972
340 146 -0.855807
340 179 -0.529607
340 336 -0.883142
340 337 -0.553414
340 338 -0.881328
340 340 3.7033
341 336 -0.332127
341 341 4.07288
341 342 -0.709451
341 344 -1.43469
341 345 -1.20207
341 359 -0.394547
342 331 -0.672248
342 332 -0.589404
342 341 -0.709451
342 342 3.64104
342 343 -0.840699
342 345 -0.0771134
342 359 -0.752123
343 329 -0.335385
343 331 -0.0749031
343 332 -0.683527
343 342 -0.840699
343 343 3.75334
343 358 -0.95545
343 443 -0.863376
344 98 -1.1642
344 314 -1.34723
344 315 -0.108984
344 336 -0.181004
344 341 -1.43469
344 344 4.35533
344 359 -0.119216
345 332 -1.17571
345 336 -0.505119
345 337 -1.15195
345 341 -1.20207
345 342 -0.0771134
345 345 4.11196
346 321 -0.2057
346 346 4.14069
346 347 -0.162525
346 348 -1.20039
346 350 -0.44171
346 351 -0.0132398
346 352 -1.59465
346 739 -0.522468
347 307 -0.166364
347 346 -0.162525
347 347 3.98666
347 348 -1.17718
347 739 -0.718332
347 782 -0.501021
347 790 -1.26123
348 307 -0.892308
348 321 -0.280114
348 346 -1.20039
348 347 -1.17718
348 348 4.03417
348 752 -0.484179
349 98 -0.135208
349 328 -0.290454
349 331 -0.24381
349 349 3.60137
349 350 -0.668408
349 357 -0.622025
349 359 -1.00702
349 739 -0.63445
350 98 -0.436288
350 346 -0.44171
350 349 -0.668408
350 350 3.74232
350 351 -0.336374
350 353 -1.11791
350 739 -0.741635
351 308 -0.285111
351 312 -0.533438
351 346 -0.0132398
351 350 -0.336374
351 351 4.03767
351 352 -1.34313
351 353 -1.17948
351 620 -0.346896
352 308 -1.18068
352 321 -0.149528
352 325 -0.232988
352 346 -1.59465
352 351 -1.34313
352 352 4.50099
353 98 -0.501853
353 312 -0.198319
353 315 -1.0006
353 350 -1.11791
353 351 -1.17948
353 353 3.99816
354 354 3.91219
354 355 -0.0805411
354 372 -0.232124
354 375 -0.471238
354 381 -0.108506
354 382 -1.25225
354 387 -0.329433
354 388 -0.285469
354 427 -1.15264
355 329 -0.142399
355 330 -0.211823
355 354 -0.0805411
355 355 3.78343
355 356 -0.786587
355 358 -0.480155
355 375 -0.954498
355 382 -1.12743
356 330 -0.930825
356 331 -0.496401
356 355 -0.786587
356 356 3.71149
356 357 -0.835803
356 358 -0.661878
357 328 -0.382987
357 330 -0.0784223
357 331 -0.844141
357 349 -0.622025
357 356 -0.835803
357 357 3.78873
357 385 -1.02535
358 329 -0.927413
358 331 -0.706096
358 343 -0.95545
358 355 -0.480155
358 356 -0.661878
358 358 3.73099
359 98 -0.909602
359 331 -0.527236
359 341 -0.394547
359 342 -0.752123
359 344 -0.119216
359 349 -1.00702
359 359 3.70974
360 360 3.59663
360 371 -0.242848
360 373 -0.228546
360 374 -0.557774
360 376 -0.555147
360 435 -0.39385
360 438 -0.759621
360 737 -0.858847
361 361 3.8489
361 362 -0.586014
361 363 -1.12066
361 365 -0.0428825
361 369 -0.157891
361 376 -0.810615
361 734 -0.520988
361 737 -0.609846
362 249 -0.705533
362 270 -0.235477
362 361 -0.586014
362 362 3.7447
362 363 -0.774227
362 364 -0.197718
362 734 -0.135154
362 738 -1.11057
363 248 -0.737369
363 361 -1.12066
363 362 -0.774227
363 363 3.92373
363 364 -1.03047
363 369 -0.261007
364 248 -0.384402
364 270 -1.20201
364 281 -1.30248
364 362 -0.197718
364 363 -1.03047
364 364 4.11707
365 361 -0.0428825
365 365 4.01702
365 369 -1.45883
365 371 -0.431743
365 376 -1.04086
365 398 -0.584507
365 405 -0.458197
366 247 -0.0489634
366 299 -0.501209
366 366 4.32919
366 367 -0.810689
366 397 -1.42201
366 401 -1.54632
367 282 -0.859659
367 283 -0.571319
367 299 -0.436532
367 366 -0.810689
367 367 3.80217
367 370 -1.09185
367 401 -0.0321248
368 368 4.24756
368 369 -1.07912
368 370 -1.15861
368 401 -1.12488
368 405 -0.884947
369 248 -1.12947
369 361 -0.157891
369 363 -0.261007
369 365 -1.45883
369 368 -1.07912
369 369 4.23213
369 370 -0.131522
369 405 -0.0142927
370 248 -0.89553
370 283 -0.738291
370 367 -1.09185
370 368 -1.15861
370 369 -0.131522
370 370 4.01622
370 401 -0.00042116
371 97 -0.359181
371 360 -0.242848
371 365 -0.431743
371 371 3.59653
371 372 -0.429833
371 374 -1.07656
371 376 -0.599812
371 398 -0.456551
372 97 -0.71106
372 354 -0.232124
372 371 -0.429833
372 372 3.75002
372 374 -0.746703
372 387 -0.695622
372 427 -0.934679
373 360 -0.228546
373 373 3.7573
373 374 -0.858024
373 375 -0.490338
373 427 -0.813669
373 435 -0.447089
373 437 -0.91963
374 360 -0.557774
374 371 -1.07656
374 372 -0.746703
374 373 -0.858024
374 374 3.82589
374 427 -0.586832
375 329 -0.733445
375 354 -0.471238
375 355 -0.954498
375 373 -0.490338
375 375 3.60831
375 427 -0.370519
375 437 -0.588276
376 360 -0.555147
376 361 -0.810615
376 365 -1.04086
376 371 -0.599812
376 376 3.85369
376 737 -0.847255
377 377 3.96475
377 415 -0.119727
377 421 -1.23488
377 476 -0.125431
377 478 -0.152591
377 479 -0.958246
377 480 -0.245744
377 624 -1.0637
377 625 -0.0644376
378 378 3.987
378 392 -0.163917
378 400 -0.772777
378 407 -1.1455
378 426 -0.831478
378 791 -1.07333
379 379 3.76616
379 393 -0.554729
379 403 -0.442088
379 473 -0.314184
379 474 -1.04716
379 720 -0.95698
379 721 -0.451022
380 380 3.64338
380 386 -0.70393
380 388 -0.639298
380 393 -0.362988
380 404 -0.860504
380 713 -0.793052
380 715 -0.283611
381 330 -0.213478
381 354 -0.108506
381 381 4.02844
381 382 -1.2692
381 383 -0.424673
381 386 -1.03138
381 388 -0.981206
382 330 -0.546409
382 354 -1.25225
382 355 -1.12743
382 381 -1.2692
382 382 4.19528
383 306 -0.160273
383 330 -0.821601
383 381 -0.424673
383 383 3.72785
383 384 -0.710273
383 386 -0.695014
383 714 -0.916015
384 306 -0.387119
384 330 -0.164454
384 383 -0.710273
384 384 3.74416
384 385 -1.11386
384 783 -0.482378
384 785 -0.886081
385 328 -1.07492
385 330 -0.615031
385 357 -1.02535
385 384 -1.11386
385 385 3.97162
385 783 -0.142465
386 380 -0.70393
386 381 -1.03138
386 383 -0.695014
386 386 3.66836
386 388 -0.129779
386 713 -0.557483
386 714 -0.550767
387 97 -0.312709
387 354 -0.329433
387 372 -0.695622
387 387 3.70856
387 388 -1.00421
387 402 -0.961236
387 404 -0.267899
387 677 -0.137452
388 354 -0.285469
388 380 -0.639298
388 381 -0.981206
388 386 -0.129779
388 387 -1.00421
388 388 3.78632
388 404 -0.746361
389 389 3.76166
389 392 -0.601045
389 393 -0.540616
389 394 -0.0385697
389 403 -0.856044
389 404 -0.236419
389 407 -0.289151
389 677 -1.19981
390 390 3.73956
390 391 -0.0346551
390 392 -0.70046
390 403 -0.692527
390 471 -0.200899
390 474 -0.552603
390 484 -0.438541
390 625 -1.11988
391 390 -0.0346551
391 391 4.18287
391 392 -0.576928
391 421 -1.06184
391 625 -1.28743
391 791 -1.22203
392 378 -0.163917
392 389 -0.601045
392 390 -0.70046
392 391 -0.576928
392 392 3.71637
392 403 -0.238973
392 407 -1.2299
392 791 -0.205151
393 379 -0.554729
393 380 -0.362988
393 389 -0.540616
393 393 3.574
393 403 -0.494028
393 404 -0.523296
393 715 -1.0412
393 721 -0.0571377
394 389 -0.0385697
394 394 3.93489
394 399 -0.710836
394 400 -0.316918
394 402 -0.869553
394 407 -1.35315
394 677 -0.645867
395 395 3.80181
395 396 -0.295015
395 397 -0.128049
395 398 -0.128324
395 399 -0.733434
395 400 -0.585647
395 401 -1.09961
395 405 -0.831726
396 395 -0.295015
396 396 3.90641
396 397 -1.07547
396 400 -0.862066
396 424 -0.763024
396 426 -0.910836
397 247 -1.0195
397 366 -1.42201
397 395 -0.128049
397 396 -1.07547
397 397 4.22491
397 401 -0.0612376
397 424 -0.518643
398 97 -0.663036
398 365 -0.584507
398 371 -0.456551
398 395 -0.128324
398 398 3.7271
398 399 -0.795575
398 405 -1.09911
399 97 -0.535943
399 394 -0.710836
399 395 -0.733434
399 398 -0.795575
399 399 3.60884
399 400 -0.724411
399 402 -0.108637
400 378 -0.772777
400 394 -0.316918
400 395 -0.585647
400 396 -0.862066
400 399 -0.724411
400 400 3.59575
400 407 -0.199892
400 426 -0.134039
401 366 -1.54632
401 367 -0.0321248
401 368 -1.12488
401 370 -0.00042116
401 395 -1.09961
401 397 -0.0612376
401 401 4.4054
401 405 -0.540801
402 97 -1.09871
402 387 -0.961236
402 394 -0.869553
402 399 -0.108637
402 402 3.95932
402 677 -0.92119
403 379 -0.442088
403 389 -0.856044
403 390 -0.692527
403 392 -0.238973
403 393 -0.494028
403 403 3.70421
403 474 -0.980555
404 380 -0.860504
404 387 -0.267899
404 388 -0.746361
404 389 -0.236419
404 393 -0.523296
404 404 3.78947
404 677 -1.15499
405 365 -0.458197
405 368 -0.884947
405 369 -0.0142927
405 395 -0.831726
405 398 -1.09911
405 401 -0.540801
405 405 3.82907
406 406 3.81375
406 417 -0.0567564
406 418 -0.813507
406 496 -0.391758
406 561 -0.923387
406 562 -0.695395
406 564 -0.932942
407 378 -1.1455
407 389 -0.289151
407 392 -1.2299
407 394 -1.35315
407 400 -0.199892
407 407 4.21759
408 408 4.0846
408 410 -0.0108709
408 411 -1.10439
408 415 -0.29245
408 416 -0.189781
408 420 -1.16499
408 422 -0.160588
408 423 -1.16153
409 409 3.84056
409 411 -0.580703
409 412 -0.573134
409 413 -1.05429
409 425 -0.487438
409 526 -1.145
410 408 -0.0108709
410 410 3.74753
410 411 -0.942419
410 419 -0.599003
410 420 -0.484192
410 526 -0.831436
410 534 -0.879609
411 408 -1.10439
411 409 -0.580703
411 410 -0.942419
411 411 3.92042
411 422 -0.0134922
411 425 -1.02221
411 526 -0.2572
412 247 -0.942882
412 297 -0.882024
412 299 -0.158336
412 409 -0.573134
412 412 3.73827
412 413 -0.293914
412 425 -0.887976
413 292 -1.31261
413 297 -0.943444
413 298 -0.309502
413 409 -1.05429
413 412 -0.293914
413 413 4.01497
413 526 -0.101215
414 414 3.76203
414 415 -0.221672
414 421 -0.559938
414 422 -0.254487
414 423 -0.857235
414 426 -0.925234
414 791 -0.943462
415 377 -0.119727
415 408 -0.29245
415 414 -0.221672
415 415 3.71085
415 416 -0.398409
415 421 -0.955746
415 423 -0.962507
415 479 -0.760334
416 408 -0.189781
416 415 -0.398409
416 416 4.03467
416 417 -0.11227
416 418 -1.06271
416 420 -1.29589
416 479 -0.975607
417 406 -0.0567564
417 416 -0.11227
417 417 3.97241
417 418 -1.17951
417 419 -0.667108
417 420 -0.107343
417 494 -1.13933
417 496 -0.710096
418 406 -0.813507
418 416 -1.06271
418 417 -1.17951
418 418 3.96999
418 478 -0.149464
418 479 -0.0999761
418 561 -0.664821
419 189 -0.603529
419 410 -0.599003
419 417 -0.667108
419 419 3.69324
419 420 -1.10567
419 494 -0.519533
419 534 -0.198391
420 408 -1.16499
420 410 -0.484192
420 416 -1.29589
420 417 -0.107343
420 419 -1.10567
420 420 4.15809
421 377 -1.23488
421 391 -1.06184
421 414 -0.559938
421 415 -0.955746
421 421 4.0043
421 625 -0.0384346
421 791 -0.153465
422 408 -0.160588
422 411 -0.0134922
422 414 -0.254487
422 422 4.13457
422 423 -1.04665
422 424 -1.26296
422 425 -1.25882
422 426 -0.137564
423 408 -1.16153
423 414 -0.857235
423 415 -0.962507
423 422 -1.04665
423 423 4.02793
424 247 -0.924047
424 396 -0.763024
424 397 -0.518643
424 422 -1.26296
424 424 3.91449
424 425 -0.0266659
424 426 -0.419143
425 247 -0.283229
425 409 -0.487438
425 411 -1.02221
425 412 -0.887976
425 422 -1.25882
425 424 -0.0266659
425 425 3.96634
426 378 -0.831478
426 396 -0.910836
426 400 -0.134039
426 414 -0.925234
426 422 -0.137564
426 424 -0.419143
426 426 3.73535
426 791 -0.377058
427 354 -1.15264
427 372 -0.934679
427 373 -0.813669
427 374 -0.586832
427 375 -0.370519
427 427 3.85834
428 428 3.59291
428 465 -0.44796
428 668 -0.577467
428 669 -0.688137
428 682 -0.448437
428 690 -0.933473
428 691 -0.497432
429 429 3.90997
429 430 -0.116601
429 433 -0.857587
429 438 -0.788259
429 440 -0.660791
429 442 -0.0535735
429 734 -0.14005
429 735 -1.29311
430 249 -0.418795
430 250 -0.456271
430 259 -0.507068
430 429 -0.116601
430 430 3.75825
430 431 -0.775006
430 433 -0.214467
430 735 -1.27004
431 115 -0.0603554
431 250 -0.68964
431 257 -0.20257
431 430 -0.775006
431 431 3.84489
431 432 -1.14211
431 433 -0.975211
432 115 -0.940425
432 251 -0.880133
432 253 -0.65822
432 257 -0.253794
432 431 -1.14211
432 432 3.87468
433 115 -0.73378
433 429 -0.857587
433 430 -0.214467
433 431 -0.975211
433 433 3.87172
433 442 -1.09067
434 434 3.58883
434 436 -0.738152
434 439 -0.654524
434 440 -0.689624
434 441 -0.408963
434 442 -0.509637
434 443 -0.58793
435 360 -0.39385
435 373 -0.447089
435 435 3.65078
435 436 -0.712638
435 437 -0.498113
435 438 -0.833163
435 440 -0.765923
436 329 -0.499432
436 434 -0.738152
436 435 -0.712638
436 436 3.73457
436 437 -0.917832
436 440 -0.0832767
436 443 -0.783242
437 329 -0.812384
437 373 -0.91963
437 375 -0.588276
437 435 -0.498113
437 436 -0.917832
437 437 3.73623
438 360 -0.759621
438 429 -0.788259
438 435 -0.833163
438 438 3.60241
438 440 -0.45436
438 734 -0.302852
438 737 -0.464156
439 332 -0.658148
439 333 -0.86824
439 337 -0.409095
439 434 -0.654524
439 439 3.60985
439 441 -0.26227
439 443 -0.757575
440 429 -0.660791
440 434 -0.689624
440 435 -0.765923
440 436 -0.0832767
440 438 -0.45436
440 440 3.72168
440 442 -1.0677
441 115 -0.705188
441 333 -0.470578
441 334 -0.822274
441 434 -0.408963
441 439 -0.26227
441 441 3.70996
441 442 -1.04068
442 115 -0.181411
442 429 -0.0535735
442 433 -1.09067
442 434 -0.509637
442 440 -1.0677
442 441 -1.04068
442 442 3.94368
443 329 -0.225359
443 332 -0.399676
443 343 -0.863376
443 434 -0.58793
443 436 -0.783242
443 439 -0.757575
443 443 3.61716
444 444 4.18729
444 451 -1.22277
444 458 -0.880572
444 464 -0.931915
444 466 -1.15204
445 75 -0.528146
445 76 -0.513538
445 445 3.6954
445 448 -0.414379
445 451 -1.25065
445 455 -0.494154
445 456 -0.494534
446 70 -0.51354
446 71 -0.530186
446 446 3.79562
446 447 -0.24523
446 450 -0.541195
446 461 -0.0887775
446 462 -0.494683
446 466 -1.38201
447 446 -0.24523
447 447 4.03653
447 448 -0.921998
447 449 -0.599812
447 450 -0.968547
447 451 -1.27672
447 466 -0.0242214
448 74 -0.851069
448 75 -1.04431
448 445 -0.414379
448 447 -0.921998
448 448 3.78869
448 449 -0.478832
448 451 -0.0780998
449 72 -0.781746
449 73 -0.395045
449 74 -0.779943
449 447 -0.599812
449 448 -0.478832
449 449 3.55804
449 450 -0.522665
450 71 -0.98735
450 72 -0.804545
450 446 -0.541195
450 447 -0.968547
450 449 -0.522665
450 450 3.8243
451 444 -1.22277
451 445 -1.25065
451 447 -1.27672
451 448 -0.0780998
451 451 4.27955
451 455 -0.0942296
451 458 -0.0803717
451 466 -0.276716
452 59 -0.390011
452 60 -0.537155
452 159 -0.542566
452 290 -0.702837
452 291 -0.331275
452 452 3.43752
452 566 -0.559917
452 741 -0.373756
453 77 -0.343409
453 78 -0.322321
453 453 3.58491
453 455 -0.170346
453 456 -0.51288
453 457 -0.935105
453 680 -0.458321
453 695 -0.842525
454 454 3.75586
454 457 -0.752289
454 458 -0.990593
454 464 -0.0267403
454 465 -0.816625
454 682 -0.370443
454 683 -0.799174
455 445 -0.494154
455 451 -0.0942296
455 453 -0.170346
455 455 3.99133
455 456 -0.909943
455 457 -1.10573
455 458 -1.21693
456 76 -0.869223
456 77 -0.96805
456 445 -0.494534
456 453 -0.51288
456 455 -0.909943
456 456 3.75463
457 453 -0.935105
457 454 -0.752289
457 455 -1.10573
457 457 3.78269
457 458 -0.0445512
457 680 -0.405228
457 683 -0.539792
458 444 -0.880572
458 451 -0.0803717
458 454 -0.990593
458 455 -1.21693
458 457 -0.0445512
458 458 4.10726
458 464 -0.894241
459 68 -0.304103
459 69 -0.343395
459 459 3.56734
459 461 -0.170335
459 462 -0.513087
459 463 -0.906086
459 666 -0.633416
459 676 -0.696914
460 460 4.01063
460 461 -0.288197
460 463 -1.25337
460 464 -0.80753
460 465 -0.262474
460 667 -0.252387
460 669 -1.14667
461 446 -0.0887775
461 459 -0.170335
461 460 -0.288197
461 461 4.03355
461 462 -0.909714
461 463 -1.15399
461 464 -0.152553
461 466 -1.26999
462 69 -0.9679
462 70 -0.869083
462 446 -0.494683
462 459 -0.513087
462 461 -0.909714
462 462 3.75447
463 459 -0.906086
463 460 -1.25337
463 461 -1.15399
463 463 4.09055
463 667 -0.13836
463 676 -0.638743
464 444 -0.931915
464 454 -0.0267403
464 458 -0.894241
464 460 -0.80753
464 461 -0.152553
464 464 3.8094
464 465 -0.774303
464 466 -0.222119
465 428 -0.44796
465 454 -0.816625
465 460 -0.262474
465 464 -0.774303
465 465 3.60865
465 669 -0.846294
465 682 -0.460995
466 444 -1.15204
466 446 -1.38201
466 447 -0.0242214
466 451 -0.276716
466 461 -1.26999
466 464 -0.222119
466 466 4.32709
467 467 3.99179
467 482 -0.120232
467 483 -0.744562
467 631 -0.670885
467 648 -0.196005
467 650 -1.03561
467 652 -1.2245
468 468 3.87163
468 477 -1.04556
468 480 -1.12942
468 482 -0.454863
468 559 -0.495081
468 560 -0.746714
469 469 3.67907
469 472 -0.725237
469 486 -0.62635
469 623 -0.707838
469 641 -0.964867
469 649 -0.654774
470 470 3.85098
470 472 -0.766456
470 473 -0.860508
470 640 -0.559095
470 718 -1.10735
470 719 -0.45405
470 720 -0.103526
471 390 -0.200899
471 471 3.80894
471 472 -0.616639
471 473 -0.558255
471 474 -1.17318
471 484 -0.321954
471 623 -0.938012
472 469 -0.725237
472 470 -0.766456
472 471 -0.616639
472 472 3.59611
472 473 -0.70547
472 623 -0.302207
472 640 -0.0344023
472 641 -0.4457
473 379 -0.314184
473 470 -0.860508
473 471 -0.558255
473 472 -0.70547
473 473 3.73224
473 474 -0.215784
473 720 -1.07804
474 379 -1.04716
474 390 -0.552603
474 403 -0.980555
474 471 -1.17318
474 473 -0.215784
474 474 3.96928
475 475 3.75944
475 477 -0.931042
475 483 -0.735336
475 485 -0.552082
475 486 -0.96355
475 649 -0.0810501
475 650 -0.496382
476 377 -0.125431
476 476 3.99517
476 477 -0.914012
476 480 -1.19793
476 485 -0.82348
476 624 -0.934324
477 468 -1.04556
477 475 -0.931042
477 476 -0.914012
477 477 3.80229
477 480 -0.189366
477 482 -0.185137
477 483 -0.411706
477 485 -0.125474
478 377 -0.152591
478 418 -0.149464
478 478 4.33078
478 479 -1.17911
478 480 -1.45146
478 560 -0.142294
478 561 -1.25586
479 377 -0.958246
479 415 -0.760334
479 416 -0.975607
479 418 -0.0999761
479 478 -1.17911
479 479 3.97327
480 377 -0.245744
480 468 -1.12942
480 476 -1.19793
480 477 -0.189366
480 478 -1.45146
480 480 4.27779
480 560 -0.0638776
481 481 3.64616
481 482 -0.385641
481 559 -0.466683
481 631 -0.414577
481 632 -0.933168
481 743 -0.745879
481 744 -0.700212
482 467 -0.120232
482 468 -0.454863
482 477 -0.185137
482 481 -0.385641
482 482 3.6705
482 483 -1.14754
482 559 -0.599075
482 631 -0.778004
483 467 -0.744562
483 475 -0.735336
483 477 -0.411706
483 482 -1.14754
483 483 3.86044
483 650 -0.821287
484 390 -0.438541
484 471 -0.321954
484 484 3.63337
484 485 -0.736072
484 623 -0.925937
484 624 -0.614135
484 625 -0.596734
485 475 -0.552082
485 476 -0.82348
485 477 -0.125474
485 484 -0.736072
485 485 3.62042
485 486 -0.887602
485 623 -0.22004
485 624 -0.275671
486 469 -0.62635
486 475 -0.96355
486 485 -0.887602
486 486 3.73659
486 623 -0.575049
486 649 -0.68404
487 487 3.60336
487 590 -0.336594
487 591 -0.343006
487 593 -0.553008
487 600 -0.740738
487 608 -0.841299
487 622 -0.78872
488 94 -0.508908
488 95 -0.348866
488 488 3.58981
488 591 -0.553492
488 592 -0.495493
488 603 -0.872502
488 608 -0.810551
489 101 -0.524074
489 185 -0.442905
489 188 -0.00606638
489 489 3.64885
489 490 -0.692983
489 593 -0.320071
489 597 -0.145523
489 598 -0.427004
489 622 -1.09022
490 100 -0.463131
490 185 -0.828973
490 186 -0.404472
490 489 -0.692983
490 490 3.52651
490 593 -0.538396
490 594 -0.598552
491 491 3.85717
491 507 -0.0649655
491 519 -0.0304369
491 520 -0.321017
491 521 -1.23548
491 574 -0.140925
491 577 -1.0463
491 585 -0.442464
491 586 -0.0697859
491 587 -0.50579
492 492 3.72492
492 497 -0.585476
492 538 -0.775199
492 575 -0.262176
492 576 -0.853536
492 732 -0.892747
492 733 -0.355782
493 493 4.03608
493 494 -1.35093
493 496 -0.574384
493 497 -0.569117
493 538 -0.390577
493 541 -1.12636
493 542 -0.0247013
494 189 -0.942234
494 417 -1.13933
494 419 -0.519533
494 493 -1.35093
494 494 4.11445
494 496 -0.0189991
494 542 -0.143424
495 495 3.5177
495 496 -0.176438
495 497 -0.695378
495 563 -0.249832
495 564 -0.755563
495 565 -0.716076
495 731 -0.588902
495 732 -0.335512
496 406 -0.391758
496 417 -0.710096
496 493 -0.574384
496 494 -0.0189991
496 495 -0.176438
496 496 3.70849
496 497 -0.858573
496 564 -0.978242
497 492 -0.585476
497 493 -0.569117
497 495 -0.695378
497 496 -0.858573
497 497 3.73956
497 538 -0.120958
497 732 -0.910058
498 498 4.15718
498 522 -0.0845999
498 532 -1.49531
498 543 -0.587587
498 553 -0.0391818
498 556 -1.05382
498 656 -0.896692
499 499 4.02387
499 500 -0.235986
499 501 -0.0957999
499 531 -0.428142
499 532 -1.11676
499 555 -1.27573
499 729 -0.871454
500 223 -0.749677
500 227 -0.500478
500 229 -0.339457
500 499 -0.235986
500 500 3.81193
500 501 -1.20181
500 729 -0.784525
501 222 -1.13217
501 226 -0.849416
501 227 -0.518799
501 499 -0.0957999
501 500 -1.20181
501 501 4.0238
501 555 -0.225809
502 502 4.03522
502 508 -0.100884
502 512 -1.29037
502 519 -0.0434122
502 521 -0.349612
502 543 -0.81821
502 544 -0.273389
502 546 -1.15935
503 44 -0.56551
503 45 -0.537543
503 503 3.6407
503 508 -0.415634
503 509 -0.543403
503 545 -0.402534
503 546 -1.17607
504 51 -0.252928
504 52 -0.308457
504 504 3.63737
504 513 -0.773546
504 515 -0.407573
504 549 -0.664136
504 550 -0.235971
504 552 -0.994761
505 47 -0.562568
505 48 -0.336354
505 505 3.5808
505 510 -0.591562
505 513 -0.447725
505 515 -0.734229
505 609 -0.908362
506 506 3.61712
506 510 -0.351244
506 511 -0.885863
506 514 -0.606957
506 515 -0.622127
506 551 -0.756935
506 552 -0.393993
507 491 -0.0649655
507 507 4.07525
507 512 -0.89031
507 514 -0.708043
507 521 -0.924375
507 551 -0.131952
507 586 -1.3556
508 502 -0.100884
508 503 -0.415634
508 508 3.61591
508 509 -0.400499
508 511 -0.786732
508 512 -0.926097
508 514 -0.660781
508 546 -0.325279
509 45 -0.783286
509 46 -0.777671
509 503 -0.543403
509 508 -0.400499
509 509 3.60816
509 510 -0.30305
509 511 -0.800252
510 46 -0.476315
510 47 -0.514585
510 505 -0.591562
510 506 -0.351244
510 509 -0.30305
510 510 3.52976
510 511 -0.951547
510 515 -0.341452
511 506 -0.885863
511 508 -0.786732
511 509 -0.800252
511 510 -0.951547
511 511 3.75791
511 514 -0.333518
512 502 -1.29037
512 507 -0.89031
512 508 -0.926097
512 512 3.95864
512 514 -0.488103
512 521 -0.363756
513 51 -0.834509
513 504 -0.773546
513 505 -0.447725
513 513 3.56146
513 515 -0.593941
513 609 -0.559773
514 506 -0.606957
514 507 -0.708043
514 508 -0.660781
514 511 -0.333518
514 512 -0.488103
514 514 3.53542
514 551 -0.738022
515 504 -0.407573
515 505 -0.734229
515 506 -0.622127
515 510 -0.341452
515 513 -0.593941
515 515 3.58753
515 552 -0.888209
516 516 3.61235
516 524 -0.407365
516 535 -0.484112
516 539 -0.624107
516 540 -0.706446
516 541 -0.657636
516 542 -0.732679
517 517 3.93689
517 520 -0.581361
517 538 -0.233213
517 539 -1.15471
517 540 -0.101613
517 576 -0.938746
517 577 -0.927246
518 518 4.06675
518 520 -0.96694
518 535 -0.0659799
518 536 -1.06077
518 540 -1.24386
518 656 -0.72921
519 491 -0.0304369
519 502 -0.0434122
519 519 3.97942
519 520 -0.891525
519 521 -1.18586
519 543 -0.938435
519 656 -0.889752
520 491 -0.321017
520 517 -0.581361
520 518 -0.96694
520 519 -0.891525
520 520 3.79422
520 540 -0.0779585
520 577 -0.857777
520 656 -0.0976454
521 491 -1.23548
521 502 -0.349612
521 507 -0.924375
521 512 -0.363756
521 519 -1.18586
521 521 4.05908
522 498 -0.0845999
522 522 3.6837
522 530 -0.537205
522 531 -0.825968
522 532 -0.438017
522 536 -0.968241
522 537 -0.398149
522 656 -0.431522
523 523 3.64918
523 524 -0.314266
523 527 -0.726459
523 528 -0.588423
523 529 -0.677765
523 535 -0.480901
523 537 -0.86137
524 189 -0.187524
524 516 -0.407365
524 523 -0.314266
524 524 3.78357
524 525 -0.0576831
524 527 -1.16062
524 534 -0.3576
524 535 -0.295836
524 542 -1.00268
525 292 -0.120425
525 524 -0.0576831
525 525 4.08557
525 526 -1.14122
525 527 -0.788585
525 533 -0.973262
525 534 -1.0044
526 292 -0.15772
526 409 -1.145
526 410 -0.831436
526 411 -0.2572
526 413 -0.101215
526 525 -1.14122
526 526 3.93212
526 534 -0.298334
527 523 -0.726459
527 524 -1.16062
527 525 -0.788585
527 527 3.80345
527 528 -0.580937
527 533 -0.546849
528 293 -0.586247
528 302 -0.105216
528 523 -0.588423
528 527 -0.580937
528 528 3.73618
528 529 -0.908572
528 533 -0.966784
529 221 -0.46213
529 293 -0.430065
529 294 -0.0983663
529 523 -0.677765
529 528 -0.908572
529 529 3.66713
529 530 -0.815805
529 537 -0.274429
530 221 -0.848049
530 522 -0.537205
530 529 -0.815805
530 530 3.67257
530 531 -0.705565
530 537 -0.765945
531 221 -0.45202
531 499 -0.428142
531 522 -0.825968
531 530 -0.705565
531 531 3.63608
531 532 -0.883672
531 729 -0.340716
532 498 -1.49531
532 499 -1.11676
532 522 -0.438017
532 531 -0.883672
532 532 4.23285
532 553 -0.070512
532 555 -0.22859
533 292 -1.1314
533 302 -0.342246
533 525 -0.973262
533 527 -0.546849
533 528 -0.966784
533 533 3.96054
534 189 -1.1044
534 410 -0.879609
534 419 -0.198391
534 524 -0.3576
534 525 -1.0044
534 526 -0.298334
534 534 3.84273
535 516 -0.484112
535 518 -0.0659799
535 523 -0.480901
535 524 -0.295836
535 535 3.66511
535 536 -0.806931
535 537 -0.61331
535 540 -0.918037
536 518 -1.06077
536 522 -0.968241
536 535 -0.806931
536 536 3.84421
536 537 -0.673165
536 656 -0.335111
537 522 -0.398149
537 523 -0.86137
537 529 -0.274429
537 530 -0.765945
537 535 -0.61331
537 536 -0.673165
537 537 3.58637
538 492 -0.775199
538 493 -0.390577
538 497 -0.120958
538 517 -0.233213
538 538 3.766
538 539 -0.951958
538 541 -0.970225
538 576 -0.323874
539 516 -0.624107
539 517 -1.15471
539 538 -0.951958
539 539 3.9714
539 540 -1.00952
539 541 -0.231116
540 516 -0.706446
540 517 -0.101613
540 518 -1.24386
540 520 -0.0779585
540 535 -0.918037
540 539 -1.00952
540 540 4.05743
541 493 -1.12636
541 516 -0.657636
541 538 -0.970225
541 539 -0.231116
541 541 3.93049
541 542 -0.945152
542 189 -1.13009
542 493 -0.0247013
542 494 -0.143424
542 516 -0.732679
542 524 -1.00268
542 541 -0.945152
542 542 3.97873
543 498 -0.587587
543 502 -0.81821
543 519 -0.938435
543 543 3.61948
543 544 -0.484147
543 556 -0.529527
543 656 -0.261571
544 502 -0.273389
544 543 -0.484147
544 544 3.68364
544 545 -0.619771
544 546 -1.05183
544 556 -0.843582
544 557 -0.410924
545 43 -0.66538
545 44 -0.819049
545 503 -0.402534
545 544 -0.619771
545 545 3.57229
545 546 -0.30628
545 557 -0.759274
546 502 -1.15935
546 503 -1.17607
546 508 -0.325279
546 544 -1.05183
546 545 -0.30628
546 546 4.01881
547 53 -0.342569
547 54 -0.321504
547 547 3.50683
547 549 -0.752775
547 550 -0.295935
547 571 -0.676417
547 572 -0.683532
547 573 -0.434097
548 548 3.59128
548 549 -0.938126
548 551 -0.399892
548 552 -0.511819
548 571 -0.653431
548 585 -0.472727
548 586 -0.615285
549 504 -0.664136
549 547 -0.752775
549 548 -0.938126
549 549 3.88059
549 550 -1.24724
549 552 -0.196015
549 571 -0.0822975
550 52 -1.23615
550 53 -1.18807
550 504 -0.235971
550 547 -0.295935
550 549 -1.24724
550 550 4.20337
551 506 -0.756935
551 507 -0.131952
551 514 -0.738022
551 548 -0.399892
551 551 3.6767
551 552 -0.720807
551 586 -0.929089
552 504 -0.994761
552 506 -0.393993
552 515 -0.888209
552 548 -0.511819
552 549 -0.196015
552 551 -0.720807
552 552 3.7056
553 498 -0.0391818
553 532 -0.070512
553 553 4.11846
553 554 -1.05516
553 555 -1.28378
553 556 -1.14533
553 557 -0.524492
554 41 -1.02937
554 42 -1.04324
554 222 -0.445225
554 553 -1.05516
554 554 3.90336
554 555 -0.135568
554 557 -0.194799
555 222 -1.09959
555 499 -1.27573
555 501 -0.225809
555 532 -0.22859
555 553 -1.28378
555 554 -0.135568
555 555 4.24907
556 498 -1.05382
556 543 -0.529527
556 544 -0.843582
556 553 -1.14533
556 556 3.90471
556 557 -0.332451
557 42 -0.517553
557 43 -0.777507
557 544 -0.410924
557 545 -0.759274
557 553 -0.524492
557 554 -0.194799
557 556 -0.332451
557 557 3.517
558 558 3.80684
558 559 -0.438796
558 562 -0.777716
558 563 -0.827895
558 744 -0.976269
558 747 -0.786163
559 468 -0.495081
559 481 -0.466683
559 482 -0.599075
559 558 -0.438796
559 559 3.50823
559 560 -0.783682
559 562 -0.0820148
559 744 -0.642894
560 468 -0.746714
560 478 -0.142294
560 480 -0.0638776
560 559 -0.783682
560 560 3.92096
560 561 -1.14261
560 562 -1.04178
561 406 -0.923387
561 418 -0.664821
561 478 -1.25586
561 560 -1.14261
561 561 4.07217
561 562 -0.0854918
562 406 -0.695395
562 558 -0.777716
562 559 -0.0820148
562 560 -1.04178
562 561 -0.0854918
562 562 3.74576
562 563 -0.733702
562 564 -0.329655
563 495 -0.249832
563 558 -0.827895
563 562 -0.733702
563 563 3.70048
563 564 -0.768309
563 565 -0.938056
563 747 -0.182688
564 406 -0.932942
564 495 -0.755563
564 496 -0.978242
564 562 -0.329655
564 563 -0.768309
564 564 3.76471
565 230 -0.765756
565 495 -0.716076
565 563 -0.938056
565 565 3.7217
565 731 -0.78321
565 747 -0.518599
566 60 -0.894601
566 61 -0.73947
566 159 -0.778236
566 452 -0.559917
566 566 3.67891
566 633 -0.706687
567 18 -0.740463
567 19 -0.560686
567 128 -0.625698
567 129 -0.748443
567 130 -0.341086
567 132 -0.264042
567 567 3.49555
567 595 -0.21513
568 55 -0.31701
568 56 -0.302589
568 568 3.52704
568 572 -0.288049
568 573 -0.554993
568 582 -0.398986
568 583 -0.840161
568 789 -0.825247
569 569 3.87068
569 581 -0.154913
569 582 -0.779605
569 583 -0.0598327
569 584 -1.07251
569 733 -0.794947
569 736 -1.00888
570 570 3.61766
570 571 -0.584633
570 572 -0.475287
570 574 -0.234084
570 575 -0.32414
570 583 -0.434755
570 584 -0.434851
570 587 -1.12992
571 547 -0.676417
571 548 -0.653431
571 549 -0.0822975
571 570 -0.584633
571 571 3.55882
571 572 -0.687439
571 585 -0.697129
571 587 -0.177478
572 547 -0.683532
572 568 -0.288049
572 570 -0.475287
572 571 -0.687439
572 572 3.56706
572 573 -0.878291
572 583 -0.554462
573 54 -0.967946
573 55 -0.962967
573 547 -0.434097
573 568 -0.554993
573 572 -0.878291
573 573 3.79829
574 491 -0.140925
574 570 -0.234084
574 574 3.92746
574 575 -0.439365
574 576 -0.894105
574 577 -1.13309
574 587 -1.0859
575 492 -0.262176
575 570 -0.32414
575 574 -0.439365
575 575 3.78143
575 576 -0.691219
575 584 -1.13796
575 733 -0.926572
576 492 -0.853536
576 517 -0.938746
576 538 -0.323874
576 574 -0.894105
576 575 -0.691219
576 576 3.73692
576 577 -0.0354416
577 491 -1.0463
577 517 -0.927246
577 520 -0.857777
577 574 -1.13309
577 576 -0.0354416
577 577 3.99985
578 578 3.80732
578 579 -1.17931
578 580 -0.619938
578 581 -0.770295
578 582 -0.463203
578 789 -0.774566
579 57 -0.552482
579 58 -0.897963
579 291 -1.19519
579 578 -1.17931
579 579 4.07797
579 580 -0.2165
579 789 -0.0365265
580 230 -0.591741
580 290 -0.779956
580 291 -0.0787861
580 578 -0.619938
580 579 -0.2165
580 580 3.58043
580 581 -0.745799
580 746 -0.547709
581 230 -0.304903
581 569 -0.154913
581 578 -0.770295
581 580 -0.745799
581 581 3.72293
581 582 -0.640493
581 736 -1.10652
582 568 -0.398986
582 569 -0.779605
582 578 -0.463203
582 581 -0.640493
582 582 3.51103
582 583 -0.662188
582 789 -0.566558
583 568 -0.840161
583 569 -0.0598327
583 570 -0.434755
583 572 -0.554462
583 582 -0.662188
583 583 3.80456
583 584 -1.25316
584 569 -1.07251
584 570 -0.434851
584 575 -1.13796
584 583 -1.25316
584 584 4.08647
584 733 -0.18799
585 491 -0.442464
585 548 -0.472727
585 571 -0.697129
585 585 3.9587
585 586 -1.26015
585 587 -1.08624
586 491 -0.0697859
586 507 -1.3556
586 548 -0.615285
586 551 -0.929089
586 585 -1.26015
586 586 4.22991
587 491 -0.50579
587 570 -1.12992
587 571 -0.177478
587 574 -1.0859
587 585 -1.08624
587 587 3.98531
588 102 -0.568035
588 104 -0.587618
588 588 3.55032
588 589 -0.451875
588 590 -0.580338
588 591 -0.872304
588 592 -0.490154
589 102 -0.384341
589 588 -0.451875
589 589 3.53671
589 590 -0.665063
589 594 -0.663757
589 596 -0.801535
589 619 -0.570139
590 487 -0.336594
590 588 -0.580338
590 589 -0.665063
590 590 3.57838
590 591 -0.845587
590 593 -0.750837
590 594 -0.399966
591 487 -0.343006
591 488 -0.553492
591 588 -0.872304
591 590 -0.845587
591 591 3.59672
591 592 -0.489791
591 608 -0.492538
592 93 -0.820513
592 94 -0.817345
592 104 -0.435655
592 488 -0.495493
592 588 -0.490154
592 591 -0.489791
592 592 3.54895
593 487 -0.553008
593 489 -0.320071
593 490 -0.538396
593 590 -0.750837
593 593 3.55245
593 594 -0.677062
593 622 -0.713079
594 100 -0.709399
594 490 -0.598552
594 589 -0.663757
594 590 -0.399966
594 593 -0.677062
594 594 3.50213
594 619 -0.453396
595 123 -1.17745
595 128 -1.11284
595 129 -1.01126
595 138 -0.210936
595 142 -0.0839132
595 143 -0.163744
595 567 -0.21513
595 595 3.97527
596 102 -0.916479
596 309 -0.791922
596 310 -0.65898
596 589 -0.801535
596 596 3.69771
596 619 -0.52879
597 489 -0.145523
597 597 3.95164
597 598 -0.815201
597 600 -0.899727
597 604 -1.055
597 622 -1.03619
598 4 -0.498316
598 5 -0.840395
598 101 -0.967583
598 489 -0.427004
598 597 -0.815201
598 598 3.67797
598 604 -0.129475
599 599 3.72795
599 600 -0.927367
599 601 -0.690395
599 602 -0.771123
599 603 -0.631245
599 608 -0.707824
600 487 -0.740738
600 597 -0.899727
600 599 -0.927367
600 600 3.6783
600 601 -0.182847
600 604 -0.290333
600 608 -0.393621
600 622 -0.243662
601 2 -0.81058
601 3 -0.870003
601 599 -0.690395
601 600 -0.182847
601 601 3.7143
601 602 -0.760853
601 604 -0.399626
602 2 -0.580252
602 96 -0.926301
602 599 -0.771123
602 601 -0.760853
602 602 3.70887
602 603 -0.544357
603 95 -0.97806
603 96 -0.286856
603 488 -0.872502
603 599 -0.631245
603 602 -0.544357
603 603 3.65368
603 608 -0.340661
604 3 -0.935112
604 4 -1.1192
604 597 -1.055
604 598 -0.129475
604 600 -0.290333
604 601 -0.399626
604 604 3.92874
605 106 -0.450262
605 196 -0.853138
605 197 -0.481051
605 202 -0.29741
605 203 -0.123095
605 605 3.62115
605 606 -0.839161
605 607 -0.577029
606 106 -1.07883
606 134 -0.963677
606 144 -0.173667
606 145 -0.157257
606 605 -0.839161
606 606 3.82728
606 607 -0.614687
607 134 -0.591444
607 197 -0.926075
607 198 -1.10173
607 605 -0.577029
607 606 -0.614687
607 607 3.81096
608 487 -0.841299
608 488 -0.810551
608 591 -0.492538
608 599 -0.707824
608 600 -0.393621
608 603 -0.340661
608 608 3.58649
609 48 -0.978399
609 49 -0.378878
609 505 -0.908362
609 513 -0.559773
609 609 3.77531
610 192 -1.01431
610 203 -0.024827
610 215 -0.599452
610 216 -1.21914
610 217 -1.19956
610 219 -0.126595
610 610 4.18388
611 135 -0.33238
611 206 -0.756921
611 611 3.80647
611 612 -0.828312
611 613 -0.919134
611 655 -0.969727
612 136 -0.379971
612 140 -0.0105483
612 258 -0.997471
612 260 -1.03853
612 611 -0.828312
612 612 3.77324
612 613 -0.198402
612 655 -0.320009
613 105 -0.575598
613 206 -0.12031
613 258 -0.375084
613 611 -0.919134
613 612 -0.198402
613 613 3.7322
613 616 -0.754535
613 618 -0.789134
614 614 3.82849
614 615 -0.995129
614 616 -0.711353
614 617 -0.327574
614 618 -0.839615
614 738 -0.954823
615 249 -1.26433
615 259 -1.29817
615 614 -0.995129
615 615 4.15346
615 618 -0.205076
615 738 -0.390759
616 105 -0.962696
616 613 -0.754535
616 614 -0.711353
616 616 3.71082
616 617 -0.72183
616 618 -0.560403
617 105 -0.165446
617 270 -0.937695
617 271 -0.854233
617 277 -0.414076
617 614 -0.327574
617 616 -0.72183
617 617 3.64903
617 738 -0.228181
618 258 -1.15067
618 259 -0.259406
618 613 -0.789134
618 614 -0.839615
618 615 -0.205076
618 616 -0.560403
618 618 3.80431
619 100 -0.83925
619 309 -0.575422
619 589 -0.570139
619 594 -0.453396
619 596 -0.52879
619 619 3.54666
619 621 -0.579668
620 308 -0.785437
620 309 -0.453963
620 312 -0.761212
620 324 -0.247592
620 351 -0.346896
620 620 3.79741
620 621 -1.20231
621 100 -0.102215
621 309 -0.893821
621 312 -0.034411
621 316 -1.27645
621 619 -0.579668
621 620 -1.20231
621 621 4.08887
622 487 -0.78872
622 489 -1.09022
622 593 -0.713079
622 597 -1.03619
622 600 -0.243662
622 622 3.87188
623 469 -0.707838
623 471 -0.938012
623 472 -0.302207
623 484 -0.925937
623 485 -0.22004
623 486 -0.575049
623 623 3.66908
624 377 -1.0637
624 476 -0.934324
624 484 -0.614135
624 485 -0.275671
624 624 3.8812
624 625 -0.993367
625 377 -0.0644376
625 390 -1.11988
625 391 -1.28743
625 421 -0.0384346
625 484 -0.596734
625 624 -0.993367
625 625 4.10027
626 626 4.1771
626 643 -0.205084
626 644 -1.08189
626 654 -0.00223399
626 664 -1.29597
626 670 -0.367292
626 671 -0.0180296
626 674 -1.2066
627 627 4.11625
627 630 -0.383164
627 634 -1.31745
627 653 -1.0654
627 659 -0.106738
627 661 -1.11445
627 663 -0.129048
628 628 4.12977
628 629 -0.0824863
628 633 -0.0559708
628 634 -1.30515
628 635 -1.01362
628 659 -0.0937261
628 660 -0.441134
628 745 -1.13768
629 628 -0.0824863
629 629 4.18368
629 630 -0.732552
629 631 -0.0340147
629 632 -1.48566
629 634 -1.33238
629 742 -0.233298
629 745 -0.283292
630 627 -0.383164
630 629 -0.732552
630 630 3.84411
630 631 -0.631835
630 634 -0.00117501
630 652 -1.15733
630 653 -0.938053
631 467 -0.670885
631 481 -0.414577
631 482 -0.778004
631 629 -0.0340147
631 630 -0.631835
631 631 3.83028
631 632 -1.24123
631 652 -0.0597354
632 481 -0.933168
632 629 -1.48566
632 631 -1.24123
632 632 4.29758
632 742 -0.0920199
632 743 -0.545499
633 61 -0.795496
633 62 -0.163937
633 159 -0.344889
633 566 -0.706687
633 628 -0.0559708
633 633 3.75267
633 635 -1.16432
633 745 -0.521369
634 627 -1.31745
634 628 -1.30515
634 629 -1.33238
634 630 -0.00117501
634 634 4.35003
634 659 -0.393874
635 62 -0.941161
635 628 -1.01362
635 633 -1.16432
635 635 4.02548
635 660 -0.906379
636 636 3.70413
636 638 -0.437848
636 639 -0.401826
636 643 -0.0796711
636 646 -0.293712
636 648 -0.471044
636 651 -0.879834
636 654 -1.1402
637 637 3.83115
637 638 -0.0881168
637 645 -1.00305
637 646 -1.18472
637 685 -0.368645
637 691 -0.160431
637 693 -0.494463
637 694 -0.53173
638 636 -0.437848
638 637 -0.0881168
638 638 4.09438
638 639 -0.200497
638 646 -1.33134
638 662 -1.28956
638 685 -0.747029
639 636 -0.401826
639 638 -0.200497
639 639 3.94266
639 640 -0.201766
639 641 -1.03791
639 651 -1.04019
639 662 -1.06047
640 305 -0.292758
640 470 -0.559095
640 472 -0.0344023
640 639 -0.201766
640 640 3.75687
640 641 -1.11171
640 662 -0.658083
640 719 -0.899062
641 469 -0.964867
641 472 -0.4457
641 639 -1.03791
641 640 -1.11171
641 641 3.93669
641 649 -0.266883
641 651 -0.109621
642 642 3.79169
642 644 -0.687665
642 645 -1.02952
642 667 -0.136032
642 668 -0.962124
642 670 -0.515002
642 691 -0.461351
643 626 -0.205084
643 636 -0.0796711
643 643 4.04875
643 644 -0.823429
643 645 -0.452136
643 646 -1.25676
643 654 -1.23167
644 626 -1.08189
644 642 -0.687665
644 643 -0.823429
644 644 3.82037
644 645 -0.793835
644 670 -0.433553
645 637 -1.00305
645 642 -1.02952
645 643 -0.452136
645 644 -0.793835
645 645 3.81438
645 646 -0.17144
645 691 -0.3644
646 636 -0.293712
646 637 -1.18472
646 638 -1.33134
646 643 -1.25676
646 645 -0.17144
646 646 4.23797
647 647 3.86226
647 648 -0.58346
647 652 -0.264384
647 653 -0.982545
647 654 -0.883887
647 663 -0.041893
647 664 -1.1061
648 467 -0.196005
648 636 -0.471044
648 647 -0.58346
648 648 3.66387
648 650 -0.372898
648 651 -0.722945
648 652 -1.12085
648 654 -0.196669
649 469 -0.654774
649 475 -0.0810501
649 486 -0.68404
649 641 -0.266883
649 649 3.83565
649 650 -1.07218
649 651 -1.07673
650 467 -1.03561
650 475 -0.496382
650 483 -0.821287
650 648 -0.372898
650 649 -1.07218
650 650 3.88565
650 651 -0.0872944
651 636 -0.879834
651 639 -1.04019
651 641 -0.109621
651 648 -0.722945
651 649 -1.07673
651 650 -0.0872944
651 651 3.91661
652 467 -1.2245
652 630 -1.15733
652 631 -0.0597354
652 647 -0.264384
652 648 -1.12085
652 652 4.09199
652 653 -0.265191
653 627 -1.0654
653 630 -0.938053
653 647 -0.982545
653 652 -0.265191
653 653 3.87303
653 663 -0.621844
654 626 -0.00223399
654 636 -1.1402
654 643 -1.23167
654 647 -0.883887
654 648 -0.196669
654 654 4.05318
654 664 -0.598528
655 135 -0.854153
655 136 -0.985587
655 182 -0.675266
655 611 -0.969727
655 612 -0.320009
655 655 3.80474
656 498 -0.896692
656 518 -0.72921
656 519 -0.889752
656 520 -0.0976454
656 522 -0.431522
656 536 -0.335111
656 543 -0.261571
656 656 3.6415
657 657 3.75852
657 658 -0.386751
657 661 -0.959437
657 663 -0.415201
657 671 -0.254614
657 673 -1.09168
657 674 -0.650836
658 64 -0.911263
658 65 -0.763159
658 657 -0.386751
658 658 3.66854
658 659 -0.44091
658 661 -0.300618
658 673 -0.865838
659 63 -0.126007
659 64 -0.280863
659 627 -0.106738
659 628 -0.0937261
659 634 -0.393874
659 658 -0.44091
659 659 3.92618
659 660 -1.38451
659 661 -1.09955
660 62 -0.231602
660 63 -1.17593
660 628 -0.441134
660 635 -0.906379
660 659 -1.38451
660 660 4.13955
661 627 -1.11445
661 657 -0.959437
661 658 -0.300618
661 659 -1.09955
661 661 3.92005
661 663 -0.445995
662 305 -1.1147
662 638 -1.28956
662 639 -1.06047
662 640 -0.658083
662 662 4.13042
662 685 -0.00761957
663 627 -0.129048
663 647 -0.041893
663 653 -0.621844
663 657 -0.415201
663 661 -0.445995
663 663 3.78673
663 664 -1.18724
663 674 -0.945507
664 626 -1.29597
664 647 -1.1061
664 654 -0.598528
664 663 -1.18724
664 664 4.24149
664 674 -0.0536583
665 665 3.4907
665 666 -0.320776
665 667 -0.166787
665 670 -0.59071
665 671 -0.577281
665 672 -0.59968
665 675 -0.500007
665 676 -0.735462
666 67 -0.232497
666 68 -0.738286
666 459 -0.633416
666 665 -0.320776
666 666 3.67971
666 675 -0.986724
666 676 -0.768009
667 460 -0.252387
667 463 -0.13836
667 642 -0.136032
667 665 -0.166787
667 667 3.67346
667 668 -0.916731
667 669 -0.307095
667 670 -0.860589
667 676 -0.895483
668 428 -0.577467
668 642 -0.962124
668 667 -0.916731
668 668 3.77624
668 669 -0.876411
668 691 -0.443507
669 428 -0.688137
669 460 -1.14667
669 465 -0.846294
669 667 -0.307095
669 668 -0.876411
669 669 3.8646
670 626 -0.367292
670 642 -0.515002
670 644 -0.433553
670 665 -0.59071
670 667 -0.860589
670 670 3.58143
670 671 -0.814285
671 626 -0.0180296
671 657 -0.254614
671 665 -0.577281
671 670 -0.814285
671 671 3.83581
671 672 -0.765457
671 673 -0.148996
671 674 -1.25715
672 66 -0.381079
672 665 -0.59968
672 671 -0.765457
672 672 3.82089
672 673 -1.06694
672 675 -1.00774
673 65 -0.41111
673 66 -0.278441
673 657 -1.09168
673 658 -0.865838
673 671 -0.148996
673 672 -1.06694
673 673 3.86301
674 626 -1.2066
674 657 -0.650836
674 663 -0.945507
674 664 -0.0536583
674 671 -1.25715
674 674 4.11376
675 66 -0.329535
675 67 -1.04707
675 665 -0.500007
675 666 -0.986724
675 672 -1.00774
675 675 3.87108
676 459 -0.696914
676 463 -0.638743
676 665 -0.735462
676 666 -0.768009
676 667 -0.895483
676 676 3.73461
677 387 -0.137452
677 389 -1.19981
677 394 -0.645867
677 402 -0.92119
677 404 -1.15499
677 677 4.05931
678 678 3.69184
678 700 -0.61974
678 708 -0.676253
678 768 -0.295499
678 775 -0.918398
678 780 -0.904036
678 781 -0.277918
679 679 3.80729
679 687 -0.385085
679 688 -0.597433
679 698 -0.0888308
679 701 -0.853873
679 726 -1.01801
679 728 -0.864057
680 453 -0.458321
680 457 -0.405228
680 680 3.70675
680 683 -0.779958
680 695 -0.875658
680 724 -0.266284
680 727 -0.921305
681 681 3.5761
681 682 -0.545605
681 683 -0.0602538
681 688 -0.540905
681 689 -0.357998
681 690 -0.713789
681 727 -0.879542
681 728 -0.478005
682 428 -0.448437
682 454 -0.370443
682 465 -0.460995
682 681 -0.545605
682 682 3.67331
682 683 -1.05336
682 690 -0.794464
683 454 -0.799174
683 457 -0.539792
683 680 -0.779958
683 681 -0.0602538
683 682 -1.05336
683 683 3.74255
683 727 -0.510012
684 684 3.99756
684 685 -0.208719
684 692 -0.840251
684 694 -1.16032
684 709 -0.564869
684 710 -0.0372239
684 711 -1.18618
685 305 -0.842393
685 637 -0.368645
685 638 -0.747029
685 662 -0.00761957
685 684 -0.208719
685 685 3.80039
685 694 -1.21044
685 709 -0.415549
686 686 3.78291
686 687 -0.440181
686 700 -1.073
686 701 -0.903817
686 708 -0.127685
686 710 -0.576432
686 711 -0.661799
687 679 -0.385085
687 686 -0.440181
687 687 3.70982
687 688 -0.760347
687 692 -0.880863
687 701 -0.250185
687 711 -0.993158
688 679 -0.597433
688 681 -0.540905
688 687 -0.760347
688 688 3.60481
688 689 -0.499789
688 692 -0.335978
688 728 -0.870356
689 681 -0.357998
689 688 -0.499789
689 689 3.61954
689 690 -0.865683
689 691 -0.351956
689 692 -0.737836
689 693 -0.806278
690 428 -0.933473
690 681 -0.713789
690 682 -0.794464
690 689 -0.865683
690 690 3.72744
690 691 -0.420032
691 428 -0.497432
691 637 -0.160431
691 642 -0.461351
691 645 -0.3644
691 668 -0.443507
691 689 -0.351956
691 690 -0.420032
691 691 3.40538
691 693 -0.706272
692 684 -0.840251
692 687 -0.880863
692 688 -0.335978
692 689 -0.737836
692 692 3.66462
692 693 -0.708663
692 694 -0.0847867
692 711 -0.0762424
693 637 -0.494463
693 689 -0.806278
693 691 -0.706272
693 692 -0.708663
693 693 3.81684
693 694 -1.10116
694 637 -0.53173
694 684 -1.16032
694 685 -1.21044
694 692 -0.0847867
694 693 -1.10116
694 694 4.08843
695 78 -0.636558
695 79 -0.308534
695 453 -0.842525
695 680 -0.875658
695 695 3.71254
695 723 -0.869969
695 724 -0.179301
696 80 -0.564092
696 81 -0.459607
696 696 3.59645
696 698 -0.265636
696 703 -0.534354
696 704 -0.405958
696 723 -0.2691
696 725 -1.0977
697 697 3.81985
697 702 -1.0221
697 703 -0.231418
697 704 -0.998829
697 755 -0.39544
697 757 -0.369029
697 767 -0.803034
698 679 -0.0888308
698 696 -0.265636
698 698 3.98466
698 701 -0.357985
698 702 -0.834176
698 704 -1.11569
698 725 -0.0686391
698 726 -1.25371
699 699 3.95241
699 700 -0.943649
699 701 -0.634195
699 702 -1.12445
699 755 -0.263446
699 780 -0.986669
700 678 -0.61974
700 686 -1.073
700 699 -0.943649
700 700 3.87373
700 701 -0.0623114
700 708 -0.944996
700 780 -0.230033
701 679 -0.853873
701 686 -0.903817
701 687 -0.250185
701 698 -0.357985
701 699 -0.634195
701 700 -0.0623114
701 701 3.61664
701 702 -0.554275
702 697 -1.0221
702 698 -0.834176
702 699 -1.12445
702 701 -0.554275
702 702 3.91925
702 704 -0.305117
702 755 -0.0791369
703 81 -0.585647
703 82 -0.444435
703 696 -0.534354
703 697 -0.231418
703 703 3.7076
703 704 -1.15181
703 757 -0.759936
704 696 -0.405958
704 697 -0.998829
704 698 -1.11569
704 702 -0.305117
704 703 -1.15181
704 704 3.9774
705 705 3.9434
705 707 -0.231826
705 722 -1.01855
705 730 -0.903287
705 771 -0.144786
705 773 -0.71032
705 774 -0.934627
706 706 4.01862
706 707 -0.397512
706 716 -1.1688
706 718 -0.80293
706 719 -0.523595
706 722 -1.12578
707 705 -0.231826
707 706 -0.397512
707 707 3.5443
707 708 -0.67231
707 709 -0.482261
707 710 -0.890764
707 716 -0.033534
707 722 -0.191254
707 774 -0.644839
708 678 -0.676253
708 686 -0.127685
708 700 -0.944996
708 707 -0.67231
708 708 3.62182
708 710 -0.364012
708 774 -0.267628
708 775 -0.568934
709 305 -0.14757
709 684 -0.564869
709 685 -0.415549
709 707 -0.482261
709 709 3.94838
709 710 -0.862918
709 716 -1.47521
710 684 -0.0372239
710 686 -0.576432
710 707 -0.890764
710 708 -0.364012
710 709 -0.862918
710 710 3.85186
710 711 -1.12051
711 684 -1.18618
711 686 -0.661799
711 687 -0.993158
711 692 -0.0762424
711 710 -1.12051
711 711 4.03789
712 712 3.73224
712 713 -0.187656
712 715 -0.62796
712 721 -0.972184
712 730 -0.612979
712 771 -0.394293
712 772 -0.937171
713 380 -0.793052
713 386 -0.557483
713 712 -0.187656
713 713 3.63324
713 714 -0.744367
713 715 -0.912268
713 772 -0.438411
714 306 -0.962749
714 383 -0.916015
714 386 -0.550767
714 713 -0.744367
714 714 3.7548
714 772 -0.580906
715 380 -0.283611
715 393 -1.0412
715 712 -0.62796
715 713 -0.912268
715 715 3.94549
715 721 -1.08045
716 305 -1.02161
716 706 -1.1688
716 707 -0.033534
716 709 -1.47521
716 716 4.31867
716 719 -0.619522
717 717 3.88085
717 718 -1.12232
717 720 -1.0368
717 721 -0.387907
717 722 -0.679492
717 730 -0.654336
718 470 -1.10735
718 706 -0.80293
718 717 -1.12232
718 718 3.91667
718 719 -0.598218
718 720 -0.0492188
718 722 -0.236637
719 305 -0.450469
719 470 -0.45405
719 640 -0.899062
719 706 -0.523595
719 716 -0.619522
719 718 -0.598218
719 719 3.54492
720 379 -0.95698
720 470 -0.103526
720 473 -1.07804
720 717 -1.0368
720 718 -0.0492188
720 720 3.93536
720 721 -0.710796
721 379 -0.451022
721 393 -0.0571377
721 712 -0.972184
721 715 -1.08045
721 717 -0.387907
721 720 -0.710796
721 721 3.84347
721 730 -0.183967
722 705 -1.01855
722 706 -1.12578
722 707 -0.191254
722 717 -0.679492
722 718 -0.236637
722 722 3.92989
722 730 -0.67817
723 79 -0.773787
723 80 -0.489107
723 695 -0.869969
723 696 -0.2691
723 723 3.81641
723 724 -0.254622
723 725 -1.15982
724 680 -0.266284
724 695 -0.179301
724 723 -0.254622
724 724 3.69107
724 725 -0.828904
724 726 -0.646791
724 727 -0.87491
724 728 -0.640254
725 696 -1.0977
725 698 -0.0686391
725 723 -1.15982
725 724 -0.828904
725 725 4.06359
725 726 -0.908519
726 679 -1.01801
726 698 -1.25371
726 724 -0.646791
726 725 -0.908519
726 726 4.00394
726 728 -0.176914
727 680 -0.921305
727 681 -0.879542
727 683 -0.510012
727 724 -0.87491
727 727 3.78232
727 728 -0.596556
728 679 -0.864057
728 681 -0.478005
728 688 -0.870356
728 724 -0.640254
728 726 -0.176914
728 727 -0.596556
728 728 3.62614
729 221 -0.879207
729 229 -0.882262
729 499 -0.871454
729 500 -0.784525
729 531 -0.340716
729 729 3.75816
730 705 -0.903287
730 712 -0.612979
730 717 -0.654336
730 721 -0.183967
730 722 -0.67817
730 730 3.64865
730 771 -0.615916
731 230 -0.154553
731 495 -0.588902
731 565 -0.78321
731 731 3.74449
731 732 -0.802084
731 733 -0.310529
731 736 -1.10521
732 492 -0.892747
732 495 -0.335512
732 497 -0.910058
732 731 -0.802084
732 732 3.74211
732 733 -0.801709
733 492 -0.355782
733 569 -0.794947
733 575 -0.926572
733 584 -0.18799
733 731 -0.310529
733 732 -0.801709
733 733 3.62687
733 736 -0.249338
734 249 -0.584905
734 361 -0.520988
734 362 -0.135154
734 429 -0.14005
734 438 -0.302852
734 734 3.83406
734 735 -1.19616
734 737 -0.953948
735 249 -0.485443
735 429 -1.29311
735 430 -1.27004
735 734 -1.19616
735 735 4.24475
736 230 -0.475166
736 569 -1.00888
736 581 -1.10652
736 731 -1.10521
736 733 -0.249338
736 736 3.94512
737 360 -0.858847
737 361 -0.609846
737 376 -0.847255
737 438 -0.464156
737 734 -0.953948
737 737 3.73405
738 249 -0.168023
738 270 -1.04083
738 362 -1.11057
738 614 -0.954823
738 615 -0.390759
738 617 -0.228181
738 738 3.89319
739 328 -0.735624
739 346 -0.522468
739 347 -0.718332
739 349 -0.63445
739 350 -0.741635
739 739 3.58309
739 790 -0.230577
740 740 3.66864
740 741 -0.713739
740 742 -0.161131
740 743 -0.876994
740 744 -0.816573
740 746 -0.624017
740 747 -0.476183
741 159 -0.650586
741 290 -0.711068
741 452 -0.373756
741 740 -0.713739
741 741 3.51804
741 742 -0.655866
741 746 -0.413023
742 159 -0.40272
742 629 -0.233298
742 632 -0.0920199
742 740 -0.161131
742 741 -0.655866
742 742 3.96932
742 743 -1.22718
742 745 -1.19711
743 481 -0.745879
743 632 -0.545499
743 740 -0.876994
743 742 -1.22718
743 743 3.89033
743 744 -0.494781
744 481 -0.700212
744 558 -0.976269
744 559 -0.642894
744 740 -0.816573
744 743 -0.494781
744 744 3.71064
744 747 -0.0799108
745 159 -0.862675
745 628 -1.13768
745 629 -0.283292
745 633 -0.521369
745 742 -1.19711
745 745 4.00213
746 230 -0.478119
746 290 -0.633546
746 580 -0.547709
746 740 -0.624017
746 741 -0.413023
746 746 3.52193
746 747 -0.82552
747 230 -0.72506
747 558 -0.786163
747 563 -0.182688
747 565 -0.518599
747 740 -0.476183
747 744 -0.0799108
747 746 -0.82552
747 747 3.59412
748 748 3.85847
748 770 -0.453142
748 777 -0.595404
748 784 -0.840279
748 788 -0.683564
748 792 -1.28608
749 85 -0.38449
749 86 -0.283082
749 749 3.662
749 758 -0.492675
749 759 -0.839793
749 760 -0.0176391
749 761 -0.772604
749 762 -0.871718
750 750 3.99203
750 751 -0.201503
750 753 -0.201642
750 760 -0.202942
750 761 -1.12671
750 763 -0.215764
750 779 -0.0417645
750 787 -0.756072
750 793 -1.24563
751 317 -0.407593
751 321 -0.161868
751 326 -0.385719
751 750 -0.201503
751 751 3.76603
751 752 -1.1002
751 787 -0.424491
751 793 -1.08465
752 307 -0.901419
752 321 -1.18643
752 348 -0.484179
752 751 -1.1002
752 752 3.96853
752 787 -0.296296
753 750 -0.201642
753 753 4.07111
753 777 -0.171231
753 779 -1.36883
753 786 -0.61912
753 787 -0.820596
753 788 -0.889682
754 754 3.74374
754 755 -0.0321661
754 759 -0.508253
754 760 -0.553094
754 766 -0.544966
754 778 -1.07445
754 779 -0.158391
754 781 -0.872423
755 697 -0.39544
755 699 -0.263446
755 702 -0.0791369
755 754 -0.0321661
755 755 3.69401
755 766 -0.754746
755 767 -0.602651
755 780 -0.942339
755 781 -0.624083
756 83 -0.571953
756 84 -0.436635
756 756 3.56431
756 757 -0.407088
756 758 -0.778657
756 766 -0.553183
756 767 -0.816795
757 82 -0.752767
757 83 -0.60053
757 697 -0.369029
757 703 -0.759936
757 756 -0.407088
757 757 3.53447
757 767 -0.645125
758 84 -0.711969
758 85 -0.655968
758 749 -0.492675
758 756 -0.778657
758 758 3.60052
758 759 -0.774824
758 766 -0.186431
759 749 -0.839793
759 754 -0.508253
759 758 -0.774824
759 759 3.67926
759 760 -0.743435
759 766 -0.812955
760 749 -0.0176391
760 750 -0.202942
760 754 -0.553094
760 759 -0.743435
760 760 4.0932
760 761 -1.18059
760 779 -1.39549
761 749 -0.772604
761 750 -1.12671
761 760 -1.18059
761 761 4.06258
761 762 -0.890407
761 763 -0.092259
762 86 -0.64973
762 87 -0.341844
762 749 -0.871718
762 761 -0.890407
762 762 3.65799
762 763 -0.588471
762 765 -0.315816
763 750 -0.215764
763 761 -0.092259
763 762 -0.588471
763 763 3.91964
763 764 -1.01622
763 765 -0.942397
763 793 -1.06453
764 317 -0.931213
764 318 -0.937109
764 320 -0.459056
764 763 -1.01622
764 764 3.79637
764 765 -0.200852
764 793 -0.251915
765 87 -1.06468
765 88 -0.876677
765 318 -0.388884
765 762 -0.315816
765 763 -0.942397
765 764 -0.200852
765 765 3.78931
766 754 -0.544966
766 755 -0.754746
766 756 -0.553183
766 758 -0.186431
766 759 -0.812955
766 766 3.6569
766 767 -0.804621
767 697 -0.803034
767 755 -0.602651
767 756 -0.816795
767 757 -0.645125
767 766 -0.804621
767 767 3.67223
768 678 -0.295499
768 768 3.92919
768 775 -0.315447
768 777 -0.239755
768 778 -0.969425
768 781 -0.808788
768 792 -1.30028
769 769 4.03397
769 770 -0.559878
769 773 -0.778019
769 774 -0.222486
769 775 -1.0157
769 792 -1.45788
770 748 -0.453142
770 769 -0.559878
770 770 3.65129
770 773 -0.354746
770 776 -1.1446
770 784 -0.736225
770 785 -0.364436
770 792 -0.0382662
771 705 -0.144786
771 712 -0.394293
771 730 -0.615916
771 771 3.66281
771 772 -0.771181
771 773 -0.824392
771 776 -0.912247
772 306 -0.540571
772 712 -0.937171
772 713 -0.438411
772 714 -0.580906
772 771 -0.771181
772 772 3.58599
772 776 -0.317748
773 705 -0.71032
773 769 -0.778019
773 770 -0.354746
773 771 -0.824392
773 773 3.61616
773 774 -0.69638
773 776 -0.252304
774 705 -0.934627
774 707 -0.644839
774 708 -0.267628
774 769 -0.222486
774 773 -0.69638
774 774 3.74107
774 775 -0.975107
775 678 -0.918398
775 708 -0.568934
775 768 -0.315447
775 769 -1.0157
775 774 -0.975107
775 775 3.85249
775 792 -0.058902
776 306 -0.894249
776 770 -1.1446
776 771 -0.912247
776 772 -0.317748
776 773 -0.252304
776 776 3.81053
776 785 -0.289387
777 748 -0.595404
777 753 -0.171231
777 768 -0.239755
777 777 3.59244
777 778 -0.940106
777 779 -0.813481
777 788 -0.555495
777 792 -0.276974
778 754 -1.07445
778 768 -0.969425
778 777 -0.940106
778 778 3.8588
778 779 -0.474927
778 781 -0.399896
779 750 -0.0417645
779 753 -1.36883
779 754 -0.158391
779 760 -1.39549
779 777 -0.813481
779 778 -0.474927
779 779 4.25289
780 678 -0.904036
780 699 -0.986669
780 700 -0.230033
780 755 -0.942339
780 780 3.83983
780 781 -0.776751
781 678 -0.277918
781 754 -0.872423
781 755 -0.624083
781 768 -0.808788
781 778 -0.399896
781 780 -0.776751
781 781 3.75986
782 307 -0.247523
782 347 -0.501021
782 782 3.65707
782 783 -0.418917
782 784 -0.522196
782 786 -0.943872
782 788 -0.764114
782 790 -0.259425
783 328 -0.263692
783 384 -0.482378
783 385 -0.142465
783 782 -0.418917
783 783 3.74156
783 784 -0.603832
783 785 -0.536364
783 790 -1.29391
784 748 -0.840279
784 770 -0.736225
784 782 -0.522196
784 783 -0.603832
784 784 3.59874
784 785 -0.733504
784 788 -0.162706
785 306 -0.78438
785 384 -0.886081
785 770 -0.364436
785 776 -0.289387
785 783 -0.536364
785 784 -0.733504
785 785 3.59415
786 307 -0.883619
786 753 -0.61912
786 782 -0.943872
786 786 3.74924
786 787 -0.652652
786 788 -0.649974
787 307 -0.746116
787 750 -0.756072
787 751 -0.424491
787 752 -0.296296
787 753 -0.820596
787 786 -0.652652
787 787 3.69622
788 748 -0.683564
788 753 -0.889682
788 777 -0.555495
788 782 -0.764114
788 784 -0.162706
788 786 -0.649974
788 788 3.70553
789 56 -0.764384
789 57 -0.703127
789 568 -0.825247
789 578 -0.774566
789 579 -0.0365265
789 582 -0.566558
789 789 3.67041
790 328 -1.15044
790 347 -1.26123
790 739 -0.230577
790 782 -0.259425
790 783 -1.29391
790 790 4.19558
791 378 -1.07333
791 391 -1.22203
791 392 -0.205151
791 414 -0.943462
791 421 -0.153465
791 426 -0.377058
791 791 3.9745
792 748 -1.28608
792 768 -1.30028
792 769 -1.45788
792 770 -0.0382662
792 775 -0.058902
792 777 -0.276974
792 792 4.41838
793 317 -0.392054
793 750 -1.24563
793 751 -1.08465
793 763 -1.06453
793 764 -0.251915
793 793 4.03878