1   -8.163352000000000      -106.0311000000000           
2    1.637647000000000      -104.6779000000000           
3    10.58822000000000      -108.2228000000000           
4    20.25930000000000      -109.7253000000000           
5    29.22757000000000      -113.5636000000000           
6    38.06159000000000      -117.3680000000000           
7    46.63289000000000      -121.3970000000000           
8    56.44554000000000      -121.5670000000000           
9    66.11755000000000      -120.9134000000000           
10    75.89771000000000      -121.0006000000000           
11    85.46828000000000      -119.0809000000000           
12    94.75030000000000      -116.0412000000000           
13    104.2701000000000      -113.8794000000000           
14    113.2698000000000      -109.9893000000000           
15    120.8648000000000      -104.0425000000000           
16    128.3222000000000      -97.72263000000000           
17    134.6175000000000      -90.55740000000000           
18    140.7995000000000      -83.11671000000000           
19    145.6363000000000      -74.62720000000000           
20    150.4131000000000      -66.12041000000000           
21    154.5748000000000      -57.28946000000000           
22    159.5315000000000      -48.80764000000000           
23    162.2565000000000      -39.59581000000000           
24    164.6138000000000      -29.96378000000000           
25    163.8727000000000      -20.36661000000000           
26    165.1283000000000      -10.68378000000000           
27    164.4465000000000     -0.7540574000000000           
28    168.5005000000000       7.632111000000000           
29    174.6399000000000       15.05380000000000           
30    177.6942000000000       24.48309000000000           
31    181.6362000000000       33.41297000000000           
32    185.5007000000000       42.23278000000000           
33    188.9779000000000       51.83041000000000           
34    184.2211000000000       59.65313000000000           
35    177.6593000000000       66.72935000000000           
36    168.4552000000000       70.27271000000000           
37    159.7724000000000       74.65763000000000           
38    151.5978000000000       80.02709000000000           
39    142.2317000000000       82.01659000000000           
40    132.4297000000000       81.96072000000000           
41    122.6914000000000       82.30291000000000           
42    113.0477000000000       84.18526000000000           
43    105.2342000000000       89.83422000000000           
44    98.35179000000000       96.48827000000000           
45    89.00751000000000       99.58133000000000           
46    79.62263000000000       101.8697000000000           
47    69.91740000000000       100.9972000000000           
48    61.26715000000000       105.4369000000000           
49    52.63046000000000       109.9042000000000           
50    43.49745000000000       113.3992000000000           
51    33.76327000000000       113.5423000000000           
52    24.05946000000000       113.2829000000000           
53    14.28776000000000       111.9780000000000           
54    5.164743000000000       114.0195000000000           
55   -4.464725000000000       111.8699000000000           
56   -14.23808000000000       111.6614000000000           
57   -23.88126000000000       111.8989000000000           
58   -32.70514000000000       114.4889000000000           
59   -42.55307000000000       113.2689000000000           
60   -50.88831000000000       108.6092000000000           
61   -60.62697000000000       108.0138000000000           
62   -70.33700000000000       106.9904000000000           
63   -80.03819000000000       106.6291000000000           
64   -89.98973000000000       105.3563000000000           
65   -97.59213000000000       99.71069000000000           
66   -106.7765000000000       96.51525000000000           
67   -115.8641000000000       93.02560000000000           
68   -125.5802000000000       94.03345000000000           
69   -135.1363000000000       91.97601000000000           
70   -143.6548000000000       87.24407000000000           
71   -152.2636000000000       82.75291000000000           
72   -161.1130000000000       79.21677000000000           
73   -166.8375000000000       71.30408000000000           
74   -175.0910000000000       66.00357000000000           
75   -181.7293000000000       58.90662000000000           
76   -184.3179000000000       49.42193000000000           
77   -183.4200000000000       39.79319000000000           
78   -180.8534000000000       30.33399000000000           
79   -176.4270000000000       21.69306000000000           
80   -174.1390000000000       12.22369000000000           
81   -171.3528000000000       2.833772000000000           
82   -170.4129000000000      -6.873800000000000           
83   -169.4962000000000      -16.00100000000000           
84   -164.3047000000000      -24.42110000000000           
85   -162.1014000000000      -33.93097000000000           
86   -162.1188000000000      -43.69908000000000           
87   -161.0145000000000      -53.39653000000000           
88   -158.1998000000000      -62.75185000000000           
89   -154.2157000000000      -71.66576000000000           
90   -150.6149000000000      -80.70304000000000           
91   -143.4961000000000      -87.46777000000000           
92   -136.7454000000000      -94.51646000000000           
93   -129.0263000000000      -100.4470000000000           
94   -120.5436000000000      -105.2961000000000           
95   -111.7303000000000      -109.4716000000000           
96   -102.5708000000000      -112.9212000000000           
97   -92.81878000000000      -113.0322000000000           
98   -83.88129000000000      -117.0101000000000           
99   -74.80885000000000      -119.6363000000000           
100   -64.90457000000000      -118.4440000000000           
101   -55.23816000000000      -117.4197000000000           
102   -45.48087000000000      -116.6488000000000           
103   -35.84346000000000      -115.1000000000000           
104   -26.54779000000000      -112.1300000000000           
105   -17.41387000000000      -109.1460000000000           
106   2.9045313000000000E-03  -98.55560000000000           
107    9.582110000000000      -98.62241000000000           
108    19.06791000000000      -99.48512000000000           
109    27.84710000000000      -102.9041000000000           
110    37.19456000000000      -105.1680000000000           
111    46.97094000000000      -105.1487000000000           
112    56.52523000000000      -104.2643000000000           
113    65.88526000000000      -101.6564000000000           
114    75.44904000000000      -99.82188000000000           
115    84.46037000000000      -96.21845000000000           
116    93.68608000000000      -93.13964000000000           
117    102.4277000000000      -88.98996000000000           
118    110.9561000000000      -84.64900000000000           
119    118.9680000000000      -79.14524000000000           
120    124.4879000000000      -71.17916000000000           
121    129.9326000000000      -63.01905000000000           
122    133.9282000000000      -54.97677000000000           
123    137.2783000000000      -45.88367000000000           
124    141.1069000000000      -37.26916000000000           
125    143.5809000000000      -27.71822000000000           
126    144.9939000000000      -18.12122000000000           
127    148.2857000000000      -9.032672000000000           
128    151.5690000000000     -0.2433684000000000           
129    157.2284000000000       7.628284000000000           
130    161.3869000000000       16.40367000000000           
131    165.3392000000000       25.03946000000000           
132    170.5954000000000       33.14124000000000           
133    174.0851000000000       42.25378000000000           
134    174.2175000000000       51.92871000000000           
135    167.0727000000000       58.30252000000000           
136    160.5164000000000       65.39564000000000           
137    152.6942000000000       71.08415000000000           
138    143.0853000000000       71.96842000000000           
139    133.4454000000000       73.05506000000000           
140    123.7838000000000       73.71077000000000           
141    114.7367000000000       77.31342000000000           
142    105.6078000000000       80.66721000000000           
143    97.33002000000000       85.61845000000000           
144    87.93439000000000       88.16331000000000           
145    78.96841000000000       91.91122000000000           
146    69.89281000000000       95.38066000000000           
147    60.81443000000000       98.82558000000000           
148    51.59315000000000       101.8374000000000           
149    42.38639000000000       105.0114000000000           
150    32.87431000000000       106.1682000000000           
151    23.09794000000000       106.0897000000000           
152    13.75895000000000       103.5318000000000           
153    4.771692000000000       99.70061000000000           
154   -4.818184000000000       99.36186000000000           
155   -14.28675000000000       101.5474000000000           
156   -23.62866000000000       104.2266000000000           
157   -33.04844000000000       106.3095000000000           
158   -42.52515000000000       104.1759000000000           
159   -51.73219000000000       101.0518000000000           
160   -61.33586000000000       99.67097000000000           
161   -70.42364000000000       96.19405000000000           
162   -79.23617000000000       92.15085000000000           
163   -88.83187000000000       90.13915000000000           
164   -97.21911000000000       85.41370000000000           
165   -106.7546000000000       83.99037000000000           
166   -116.4833000000000       84.03614000000000           
167   -126.0707000000000       82.55744000000000           
168   -135.6191000000000       80.47951000000000           
169   -143.9776000000000       75.89864000000000           
170   -151.4263000000000       69.64915000000000           
171   -158.5234000000000       63.01213000000000           
172   -166.4875000000000       57.47748000000000           
173   -171.6451000000000       49.30904000000000           
174   -171.5919000000000       39.50685000000000           
175   -170.4396000000000       29.85691000000000           
176   -166.4503000000000       21.05737000000000           
177   -162.6071000000000       12.11185000000000           
178   -156.0899000000000       4.999639000000000           
179   -149.8710000000000      -2.546930000000000           
180   -148.0057000000000      -11.92073000000000           
181   -145.8796000000000      -21.40067000000000           
182   -145.0865000000000      -31.04756000000000           
183   -143.1722000000000      -39.66209000000000           
184   -140.3007000000000      -50.66951000000000           
185   -136.4720000000000      -58.80545000000000           
186   -130.6930000000000      -66.99486000000000           
187   -124.7176000000000      -74.65089000000000           
188   -118.7064000000000      -82.28041000000000           
189   -110.6592000000000      -87.73465000000000           
190   -102.8910000000000      -93.61353000000000           
191   -93.71789000000000      -96.67463000000000           
192   -84.92506000000000      -100.6465000000000           
193   -75.37614000000000      -102.5611000000000           
194   -66.16238000000000      -105.8265000000000           
195   -56.54810000000000      -105.0631000000000           
196   -46.85835000000000      -105.2549000000000           
197   -37.15981000000000      -107.0136000000000           
198   -27.98890000000000      -104.5464000000000           
199   -19.13071000000000      -100.5152000000000           
200   -9.716781000000000      -99.02290000000000           
201   0.1015150000000000      -88.83750000000000           
202    8.685774000000000      -89.79130000000000           
203    17.27002000000000      -90.26820000000000           
204    25.37737000000000      -91.69891000000000           
205    34.43851000000000      -92.17582000000000           
206    42.06897000000000      -92.65272000000000           
207    50.65322000000000      -93.12962000000000           
208    58.76057000000000      -93.60653000000000           
209    67.34485000000000      -92.17582000000000           
210    76.40598000000000      -89.79130000000000           
211    85.46715000000000      -86.45299000000000           
212    93.09758000000000      -83.11466000000000           
213    98.36490000000000      -78.84098000000000           
214    105.1811000000000      -74.12179000000000           
215    112.0715000000000      -69.20131000000000           
216    117.1587000000000      -63.16677000000000           
217    121.9635000000000      -56.41253000000000           
218    124.8350000000000      -48.75519000000000           
219    128.6637000000000      -41.09782000000000           
220    131.5352000000000      -33.44049000000000           
221    134.4067000000000      -25.30454000000000           
222    136.7996000000000      -18.12577000000000           
223    138.7140000000000      -9.032672000000000           
224    138.7140000000000     -0.4181667000000000           
225    138.2354000000000       7.717778000000000           
226    135.7639000000000       15.88483000000000           
227    134.4096000000000       24.07500000000000           
228    133.0742000000000       32.28944000000000           
229    131.8551000000000       40.22387000000000           
230    128.0432000000000       47.71416000000000           
231    123.3442000000000       54.42012000000000           
232    118.0739000000000       60.91565000000000           
233    111.4596000000000       65.97872000000000           
234    104.1044000000000       69.84818000000000           
235    96.15620000000000       72.41656000000000           
236    88.66399000000000       75.98126000000000           
237    81.04567000000000       79.11478000000000           
238    73.02999000000000       81.41306000000000           
239    65.15230000000000       84.08371000000000           
240    56.86766000000000       85.14330000000000           
241    48.55669000000000       84.67161000000000           
242    40.26620000000000       84.11198000000000           
243    31.96266000000000       85.05501000000000           
244    24.22871000000000       81.01762000000000           
245    17.28047000000000       77.57526000000000           
246    12.41514000000000       71.70999000000000           
247    7.761318000000000       69.92004000000000           
248   0.2436076000000000       69.20408000000000           
249   -7.274123000000000       69.56206000000000           
250   -15.86580000000000       69.20408000000000           
251   -22.66754000000000       70.27802000000000           
252   -26.96338000000000       73.49992000000000           
253   -34.12311000000000       76.72181000000000           
254   -43.29665000000000       80.93993000000000           
255   -51.40400000000000       82.37064000000000           
256   -58.55754000000000       84.27825000000000           
257   -67.14180000000000       83.32446000000000           
258   -75.24916000000000       84.27825000000000           
259   -83.60689000000000       83.28082000000000           
260   -91.32861000000000       80.28135000000000           
261   -99.17430000000000       77.50789000000000           
262   -106.5689000000000       73.60908000000000           
263   -112.8211000000000       68.18832000000000           
264   -118.7231000000000       62.30518000000000           
265   -123.7818000000000       55.71057000000000           
266   -128.5441000000000       48.84364000000000           
267   -131.3232000000000       41.04005000000000           
268   -133.2332000000000       32.87895000000000           
269   -135.7314000000000       24.94722000000000           
270   -138.2206000000000       17.00834000000000           
271   -138.9972000000000       8.706119000000000           
272   -138.9813000000000      0.3718970000000000           
273   -139.8401000000000      -7.907255000000000           
274   -139.7482000000000      -16.24673000000000           
275   -137.6762000000000      -24.32645000000000           
276   -136.4430000000000      -32.54316000000000           
277   -134.5072000000000      -40.58167000000000           
278   -131.1711000000000      -48.24509000000000           
279   -127.7030000000000      -55.82122000000000           
280   -122.6013000000000      -62.38655000000000           
281   -116.7570000000000      -68.33541000000000           
282   -111.1070000000000      -74.59873000000000           
283   -104.8855000000000      -80.34174000000000           
284   -96.74951000000000      -83.69183000000000           
285   -89.09216000000000      -87.04192000000000           
286   -80.95623000000000      -89.43484000000000           
287   -71.86313000000000      -91.34917000000000           
288   -64.24702000000000      -91.54121000000000           
289   -56.09071000000000      -93.10221000000000           
290   -47.78357000000000      -93.84268000000000           
291   -39.75863000000000      -96.04895000000000           
292   -31.52079000000000      -95.55664000000000           
293   -24.15446000000000      -91.46018000000000           
294   -16.69767000000000      -87.93726000000000           
295   -8.139893000000000      -88.03210000000000           
296    105.3175000000000      -67.61627000000000           
297    110.2016000000000      -64.41135000000000           
298    113.8276000000000      -59.28403000000000           
299    116.6991000000000      -53.54103000000000           
300    118.3158000000000      -47.77547000000000           
301    119.7383000000000      -41.72951000000000           
302    121.0064000000000      -35.83339000000000           
303    123.3993000000000      -30.09039000000000           
304    125.3136000000000      -24.82597000000000           
305    128.0699000000000      -19.08877000000000           
306    130.2189000000000      -13.19725000000000           
307    131.0005000000000      -7.013740000000000           
308    131.0566000000000     -0.4181667000000000           
309    129.6209000000000       4.367664000000000           
310    127.7065000000000       10.58928000000000           
311    126.8966000000000       16.97538000000000           
312    125.3258000000000       22.42710000000000           
313    122.3534000000000       27.93582000000000           
314    120.5801000000000       33.91065000000000           
315    117.2423000000000       39.21029000000000           
316    113.7079000000000       44.32649000000000           
317    109.2529000000000       48.70136000000000           
318    106.2768000000000       54.12030000000000           
319    104.2792000000000       60.37655000000000           
320    99.39685000000000       63.38477000000000           
321    93.42169000000000       65.71687000000000           
322    87.89468000000000       68.31367000000000           
323    81.65511000000000       68.94454000000000           
324    75.51715000000000       70.07404000000000           
325    69.67892000000000       72.56184000000000           
326    63.76829000000000       73.99961000000000           
327    57.61387000000000       72.62606000000000           
328    51.65045000000000       70.88109000000000           
329    45.72980000000000       68.93333000000000           
330    39.56774000000000       67.93822000000000           
331    33.44627000000000       66.57243000000000           
332    28.05796000000000       63.69924000000000           
333    22.68427000000000       60.22476000000000           
334    19.13132000000000       55.56413000000000           
335    19.04822000000000       49.11962000000000           
336    18.86942000000000       42.91785000000000           
337    20.44736000000000       36.94311000000000           
338    24.16938000000000       31.91227000000000           
339    28.19879000000000       27.24725000000000           
340    31.85406000000000       22.06874000000000           
341    38.12668000000000       22.01549000000000           
342    44.43285000000000       22.07530000000000           
343    50.65447000000000       19.68238000000000           
344    56.39747000000000       17.76803000000000           
345    62.14047000000000       14.41795000000000           
346    67.40489000000000       11.54645000000000           
347    72.19074000000000       7.717778000000000           
348    76.49802000000000       2.931930000000000           
349    80.32669000000000      -2.332495000000000           
350    83.62892000000000      -7.765990000000000           
351    87.43352000000000      -12.76426000000000           
352    89.41979000000000      -17.64719000000000           
353    91.81274000000000      -24.34739000000000           
354    93.24847000000000      -30.56899000000000           
355    94.08273000000000      -36.58118000000000           
356    95.16279000000000      -43.01217000000000           
357    94.99802000000000      -48.98657000000000           
358    95.16279000000000      -55.45536000000000           
359    93.24847000000000      -61.67695000000000           
360    89.89837000000000      -67.41998000000000           
361    86.54832000000000      -72.68439000000000           
362    83.68056000000000      -77.69305000000000           
363    89.51188000000000      -76.61513000000000           
364    95.35229000000000      -74.99575000000000           
365    99.96073000000000      -70.80712000000000           
366   -105.1846000000000      -70.20675000000000           
367   -99.31241000000000      -73.68784000000000           
368   -92.59113000000000      -75.85094000000000           
369   -86.32698000000000      -78.95382000000000           
370   -79.89123000000000      -81.45344000000000           
371   -73.00179000000000      -82.76036000000000           
372   -66.21515000000000      -84.13474000000000           
373   -59.20405000000000      -84.00111000000000           
374   -52.23948000000000      -83.93724000000000           
375   -45.31554000000000      -83.02716000000000           
376   -38.33731000000000      -82.98783000000000           
377   -31.35976000000000      -83.02087000000000           
378   -24.49726000000000      -81.83827000000000           
379   -17.41631000000000      -81.21500000000000           
380   -19.87549000000000      -76.27815000000000           
381   -26.04676000000000      -72.94234000000000           
382   -31.18346000000000      -68.85571000000000           
383   -34.86467000000000      -62.45406000000000           
384   -37.78015000000000      -55.96671000000000           
385   -38.08136000000000      -49.03970000000000           
386   -39.11327000000000      -42.16920000000000           
387   -39.05214000000000      -35.14615000000000           
388   -37.36243000000000      -28.57637000000000           
389   -34.98968000000000      -22.05942000000000           
390   -33.30226000000000      -15.48446000000000           
391   -29.63002000000000      -9.537658000000000           
392   -23.91035000000000      -5.554533000000000           
393   -17.79406000000000      -2.314327000000000           
394   -14.39374000000000       3.747113000000000           
395   -13.02224000000000       10.56960000000000           
396   -15.10810000000000       17.26392000000000           
397   -18.85793000000000       23.18943000000000           
398   -20.02543000000000       29.70316000000000           
399   -21.45652000000000       36.46889000000000           
400   -21.87776000000000       43.39144000000000           
401   -24.71536000000000       49.50415000000000           
402   -29.05359000000000       55.07071000000000           
403   -33.40452000000000       60.53044000000000           
404   -37.87548000000000       65.88806000000000           
405   -44.10471000000000       69.01308000000000           
406   -51.06005000000000       69.26823000000000           
407   -57.62777000000000       71.76435000000000           
408   -63.81572000000000       74.93265000000000           
409   -70.42738000000000       74.71956000000000           
410   -77.06440000000000       75.71490000000000           
411   -83.53389000000000       73.98045000000000           
412   -90.05151000000000       72.07977000000000           
413   -96.66871000000000       69.74359000000000           
414   -102.6208000000000       66.37354000000000           
415   -107.5829000000000       61.40228000000000           
416   -112.5564000000000       56.51130000000000           
417   -116.3704000000000       50.64598000000000           
418   -118.3278000000000       43.93741000000000           
419   -121.3129000000000       37.62554000000000           
420   -122.7386000000000       30.88701000000000           
421   -124.0144000000000       24.02535000000000           
422   -126.5938000000000       17.50458000000000           
423   -128.7782000000000       10.87869000000000           
424   -129.9792000000000       3.981928000000000           
425   -129.6579000000000      -2.995553000000000           
426   -129.0108000000000      -9.920788000000000           
427   -129.9716000000000      -16.84681000000000           
428   -130.9451000000000      -23.77743000000000           
429   -128.8147000000000      -30.56899000000000           
430   -126.4218000000000      -37.26916000000000           
431   -124.0288000000000      -43.01217000000000           
432   -121.1573000000000      -49.23376000000000           
433   -117.8072000000000      -54.97677000000000           
434   -114.9357000000000      -62.15553000000000           
435   -110.9083000000000      -66.36536000000000           
436    45.99284000000000      -81.81703000000000           
437    51.83497000000000      -81.03620000000000           
438    57.76983000000000      -81.13934000000000           
439    63.44999000000000      -80.10997000000000           
440    69.28897000000000      -78.49227000000000           
441    74.18806000000000      -75.71104000000000           
442    77.82037000000000      -71.00497000000000           
443    82.69023000000000      -67.57045000000000           
444    87.15038000000000      -63.77688000000000           
445    88.97135000000000      -58.15445000000000           
446    89.88258000000000      -52.31410000000000           
447    90.07030000000000      -46.43775000000000           
448    89.58164000000000      -40.57150000000000           
449    88.83181000000000      -34.70273000000000           
450    87.12923000000000      -29.10928000000000           
451    84.60117000000000      -23.79377000000000           
452    83.33382000000000      -18.01576000000000           
453    80.61117000000000      -12.82092000000000           
454    76.95755000000000      -8.180230000000000           
455    73.27358000000000      -3.578833000000000           
456    69.54116000000000      0.9480835000000000           
457    65.73392000000000       5.533211000000000           
458    61.04613000000000       8.897891000000000           
459    55.58675000000000       11.26548000000000           
460    50.18959000000000       13.38197000000000           
461    44.37930000000000       14.53775000000000           
462    38.77412000000000       16.06261000000000           
463    32.97219000000000       14.63219000000000           
464    27.38672000000000       12.87022000000000           
465    21.54095000000000       12.19276000000000           
466    15.73663000000000       10.89463000000000           
467    10.87748000000000       7.597794000000000           
468    5.554244000000000       5.139843000000000           
469   0.5603581000000000       2.059654000000000           
470   -2.462434000000000      -3.037185000000000           
471   -5.638416000000000      -7.887487000000000           
472   -10.03544000000000      -11.89145000000000           
473   -14.03711000000000      -16.19438000000000           
474   -17.62109000000000      -20.88565000000000           
475   -21.40759000000000      -25.36271000000000           
476   -26.04097000000000      -29.03426000000000           
477   -30.19190000000000      -33.22683000000000           
478   -33.08025000000000      -38.33528000000000           
479   -32.97393000000000      -44.25151000000000           
480   -32.40619000000000      -50.14619000000000           
481   -31.36819000000000      -55.88557000000000           
482   -29.34130000000000      -61.50121000000000           
483   -25.78294000000000      -66.16395000000000           
484   -20.73454000000000      -69.20741000000000           
485   -16.57357000000000      -73.37738000000000           
486   -11.64910000000000      -76.60328000000000           
487   -6.496922000000000      -79.78548000000000           
488  -0.9308667000000000      -81.08062000000000           
489    4.969008000000000      -81.32124000000000           
490    10.76290000000000      -82.23933000000000           
491    16.68905000000000      -81.95739000000000           
492    22.59766000000000      -81.85172000000000           
493    28.41776000000000      -82.42365000000000           
494    34.33207000000000      -83.09150000000000           
495    40.09418000000000      -82.86100000000000           
496   -158.3179051464925      -11.56699929613387           
497   -158.3179051464925       30.43300147135596          
498   -158.3179051464925       44.43300172718591           
499   -158.3179051464925       72.43300223884580           
500   -144.3179048906625      -67.56700031945365           
501   -144.3179048906625       30.43300147135596           
502   -144.3179048906625       44.43300172718591           
503   -144.3179048906625       58.43300198301586           
504   -130.3179046348326      -81.56700057528360           
505   -130.3179046348326       58.43300198301586           
506   -130.3179046348326       72.43300223884580           
507   -116.3179043790026      -95.56700083111355           
508   -116.3179043790026      -39.56699980779376           
509   -116.3179043790026      -25.56699955196382           
510   -116.3179043790026      -11.56699929613387           
511   -116.3179043790026       2.433000959696074           
512   -116.3179043790026       16.43300121552602           
513   -102.3179041231727      -53.56700006362371           
514   -102.3179041231727      -39.56699980779376           
515   -102.3179041231727      -25.56699955196382           
516   -102.3179041231727      -11.56699929613387           
517   -102.3179041231727       2.433000959696074           
518   -102.3179041231727       16.43300121552602           
519   -102.3179041231727       30.43300147135596           
520   -102.3179041231727       44.43300172718591           
521   -88.31790386734275      -67.56700031945365           
522   -88.31790386734275      -53.56700006362371           
523   -88.31790386734275      -39.56699980779376           
524   -88.31790386734275      -25.56699955196382           
525   -88.31790386734275      -11.56699929613387           
526   -88.31790386734275       2.433000959696074           
527   -88.31790386734275       16.43300121552602           
528   -88.31790386734275       30.43300147135596           
529   -88.31790386734275       44.43300172718591           
530   -88.31790386734275       58.43300198301586           
531   -74.31790361151281      -109.5670010869435           
532   -74.31790361151281      -67.56700031945365           
533   -74.31790361151281      -53.56700006362371           
534   -74.31790361151281      -39.56699980779376           
535   -74.31790361151281      -25.56699955196382           
536   -74.31790361151281      -11.56699929613387           
537   -74.31790361151281       2.433000959696074           
538   -74.31790361151281       16.43300121552602           
539   -74.31790361151281       30.43300147135596           
540   -74.31790361151281       44.43300172718591           
541   -74.31790361151281       58.43300198301586           
542   -60.31790335568286      -67.56700031945365           
543   -60.31790335568286      -53.56700006362371           
544   -60.31790335568286      -39.56699980779376           
545   -60.31790335568286      -25.56699955196382           
546   -60.31790335568286      -11.56699929613387           
547   -60.31790335568286       2.433000959696074           
548   -60.31790335568286       16.43300121552602           
549   -60.31790335568286       30.43300147135596           
550   -60.31790335568286       44.43300172718591           
551   -60.31790335568286       58.43300198301586           
552   -46.31790309985292      -67.56700031945365           
553   -46.31790309985292      -53.56700006362371           
554   -46.31790309985292      -39.56699980779376           
555   -46.31790309985292      -25.56699955196382           
556   -46.31790309985292      -11.56699929613387           
557   -46.31790309985292       2.433000959696074           
558   -46.31790309985292       16.43300121552602           
559   -46.31790309985292       30.43300147135596           
560   -46.31790309985292       44.43300172718591           
561   -46.31790309985292       58.43300198301586           
562   -32.31790284402297       2.433000959696074           
563   -32.31790284402297       16.43300121552602           
564   -32.31790284402297       30.43300147135596           
565   -32.31790284402297       44.43300172718591           
566   -32.31790284402297       86.43300249467575           
567   -18.31790258819303       58.43300198301586           
568   -18.31790258819303       86.43300249467575           
569   -4.317902332363079       16.43300121552602           
570   -4.317902332363079       30.43300147135596           
571   -4.317902332363079       44.43300172718591           
572   -4.317902332363079       58.43300198301586           
573   -4.317902332363079       86.43300249467575           
574    9.682097923466866       18.43300121552602           
575    9.682097923466866       30.43300147135596           
576    9.682097923466866       44.43300172718591           
577    9.682097923466866       58.43300198301586           
578    9.682097923466866       86.43300249467575           
579    22.10000000000000       19.60000000000000       
580    23.68209817929681       72.43300223884580           
581    37.68209843512676       30.43300147135596           
582    37.68209843512676       44.43300172718591           
583    37.68209843512676       58.43300198301586           
584    51.68209869095670       30.43300147135596           
585    51.68209869095670       44.43300172718591           
586    51.68209869095670       58.43300198301586           
587    65.68209894678665      -109.5670010869435           
588    65.68209894678665       30.43300147135596           
589    65.68209894678665       44.43300172718591           
590    65.68209894678665       58.43300198301586           
591    79.68209920261659      -109.5670010869435           
592    79.68209920261659       16.43300121552602           
593    79.68209920261659       30.43300147135596           
594    79.68209920261659       44.43300172718591           
595    79.68209920261659       58.43300198301586           
596    93.68209945844654       2.433000959696074           
597    93.68209945844654       16.43300121552602           
598    93.68209945844654       30.43300147135596           
599    93.68209945844654       44.43300172718591           
600    93.68209945844654       58.43300198301586           
601    107.6820997142765      -95.56700083111355           
602    107.6820997142765      -53.56700006362371           
603    107.6820997142765      -39.56699980779376           
604    107.6820997142765      -25.56699955196382           
605    107.6820997142765      -11.56699929613387           
606    107.6820997142765       2.433000959696074           
607    107.6820997142765       16.43300121552602           
608    107.6820997142765       30.43300147135596           
609    121.6820999701064      -11.56699929613387           
610    121.6820999701064       2.433000959696074           
611    135.6821002259364      -67.56700031945365           
612    135.6821002259364       58.43300198301586           
613    149.6821004817663      -39.56699980779376           
614    149.6821004817663       16.43300121552602           
615    149.6821004817663       30.43300147135596           
616    149.6821004817663       44.43300172718591           
617    149.6821004817663       58.43300198301586           
618    163.6821007375963       44.43300172718591 