0		1
0.101168	0.994869
0.201299	0.97953
0.299363	0.954139
0.394356	0.918958
0.485302	0.874347
0.571268	0.820763
0.651372	0.758758
0.724793	0.688967
0.790776	0.612106
0.848644	0.528964
0.897805	0.440394
0.937752	0.347305
0.968077	0.250653
0.988468	0.151428
0.998717	0.0506492
0.998717	-0.0506492
0.988468	-0.151428
0.968077	-0.250653
0.937752	-0.347305
0.897805	-0.440394
0.848644	-0.528964
0.790776	-0.612106
0.724793	-0.688967
0.651372	-0.758758
0.571268	-0.820763
0.485302	-0.874347
0.394356	-0.918958
0.299363	-0.954139
0.201299	-0.97953
0.101168	-0.994869
0		-1
-0.101168	-0.994869
-0.201299	-0.97953
-0.299363	-0.954139
-0.394356	-0.918958
-0.485302	-0.874347
-0.571268	-0.820763
-0.651372	-0.758758
-0.724793	-0.688967
-0.790776	-0.612106
-0.848644	-0.528964
-0.897805	-0.440394
-0.937752	-0.347305
-0.968077	-0.250653
-0.988468	-0.151428
-0.998717	-0.0506492
-0.998717	0.0506492
-0.988468	0.151428
-0.968077	0.250653
-0.937752	0.347305
-0.897805	0.440394
-0.848644	0.528964
-0.790776	0.612106
-0.724793	0.688967
-0.651372	0.758758
-0.571268	0.820763
-0.485302	0.874347
-0.394356	0.918958
-0.299363	0.954139
-0.201299	0.97953
-0.101168	0.994869
0		0.875
0.101581	0.869084
0.201789	0.851414
0.299268	0.822231
0.392699	0.781929
0.48082		0.731052
0.562439	0.670289
0.636452	0.600461
0.701858	0.522514
0.757772	0.4375
0.803439	0.34657
0.838241	0.250953
0.861707	0.151942
0.87352		0.0508767
0.87352		-0.0508767
0.861707	-0.151942
0.838241	-0.250953
0.803439	-0.34657
0.757772	-0.4375
0.701858	-0.522514
0.636452	-0.600461
0.562439	-0.670289
0.48082		-0.731052
0.392699	-0.781929
0.299268	-0.822231
0.201789	-0.851414
0.101581	-0.869084
0		-0.875
-0.101581	-0.869084
-0.201789	-0.851414
-0.299268	-0.822231
-0.392699	-0.781929
-0.48082	-0.731052
-0.562439	-0.670289
-0.636452	-0.600461
-0.701858	-0.522514
-0.757772	-0.4375
-0.803439	-0.34657
-0.838241	-0.250953
-0.861707	-0.151942
-0.87352	-0.0508767
-0.87352	0.0508767
-0.861707	0.151942
-0.838241	0.250953
-0.803439	0.34657
-0.757772	0.4375
-0.701858	0.522514
-0.636452	0.600461
-0.562439	0.670289
-0.48082	0.731052
-0.392699	0.781929
-0.299268	0.822231
-0.201789	0.851414
-0.101581	0.869084
0		0.75
0.0999652	0.743308
0.198147	0.723352
0.292792	0.690487
0.382212	0.645301
0.464812	0.5886
0.539118	0.521394
0.603803	0.444885
0.657712	0.360436
0.699885	0.269556
0.729569	0.173865
0.746233	0.0750718
0.749581	-0.0250612
0.739553	-0.124747
0.716327	-0.222207
0.680318	-0.315701
0.632169	-0.403562
0.572739	-0.484221
0.503089	-0.556239
0.42446		-0.618331
0.338258	-0.669389
0.246019	-0.708502
0.149389	-0.734971
0.0500945	-0.748325
-0.0500945	-0.748325
-0.149389	-0.734971
-0.246019	-0.708502
-0.338258	-0.669389
-0.42446	-0.618331
-0.503089	-0.556239
-0.572739	-0.484221
-0.632169	-0.403562
-0.680318	-0.315701
-0.716327	-0.222207
-0.739553	-0.124747
-0.749581	-0.0250612
-0.746233	0.0750718
-0.729569	0.173865
-0.699885	0.269556
-0.657712	0.360436
-0.603803	0.444885
-0.539118	0.521394
-0.464812	0.5886
-0.382212	0.645301
-0.292792	0.690487
-0.198147	0.723352
-0.0999652	0.743308
0		0.625
0.100257	0.616906
0.197917	0.592835
0.290452	0.55341
0.375464	0.499652
0.450752	0.432953
0.514365	0.35504
0.564657	0.267933
0.600324	0.173886
0.620443	0.0753354
0.624493	-0.0251662
0.612369	-0.125016
0.584385	-0.221628
0.541266	-0.3125
0.484128	-0.395278
0.414452	-0.467819
0.334041	-0.528244
0.244979	-0.574987
0.149572	-0.606839
0.0502916	-0.622973
-0.0502916	-0.622973
-0.149572	-0.606839
-0.244979	-0.574987
-0.334041	-0.528244
-0.414452	-0.467819
-0.484128	-0.395278
-0.541266	-0.3125
-0.584385	-0.221628
-0.612369	-0.125016
-0.624493	-0.0251662
-0.620443	0.0753354
-0.600324	0.173886
-0.564657	0.267933
-0.514365	0.35504
-0.450752	0.432953
-0.375464	0.499652
-0.290452	0.55341
-0.197917	0.592835
-0.100257	0.616906
0		0.5
0.100649	0.489765
0.197178	0.459479
0.285634	0.410382
0.362396	0.344483
0.424322	0.264482
0.468876	0.173653
0.494234	0.0757139
0.499358	-0.0253246
0.484039	-0.125326
0.448902	-0.220197
0.395388	-0.306053
0.325686	-0.379379
0.242651	-0.437173
0.149682	-0.47707
0.0505842	-0.497435
-0.0505842	-0.497435
-0.149682	-0.47707
-0.242651	-0.437173
-0.325686	-0.379379
-0.395388	-0.306053
-0.448902	-0.220197
-0.484039	-0.125326
-0.499358	-0.0253246
-0.494234	0.0757139
-0.468876	0.173653
-0.424322	0.264482
-0.362396	0.344483
-0.285634	0.410382
-0.197178	0.459479
-0.100649	0.489765
0		0.375
0.101174	0.361094
0.194844	0.320407
0.274063	0.255957
0.332957	0.172524
0.367157	0.076296
0.374126	-0.0255909
0.353348	-0.12558
0.306364	-0.216255
0.236658	-0.290892
0.1494		-0.343954
0.0510625	-0.371507
-0.0510625	-0.371507
-0.1494		-0.343954
-0.236658	-0.290892
-0.306364	-0.216255
-0.353348	-0.12558
-0.374126	-0.0255909
-0.367157	0.076296
-0.332957	0.172524
-0.274063	0.255957
-0.194844	0.320407
-0.101174	0.361094
0		0.25
0.101684	0.228386
0.185786	0.167283
0.237764	0.0772542
0.24863		-0.0261321
0.216506	-0.125
0.146946	-0.202254
0.0519779	-0.244537
-0.0519779	-0.244537
-0.146946	-0.202254
-0.216506	-0.125
-0.24863	-0.0261321
-0.237764	0.0772542
-0.185786	0.167283
-0.101684	0.228386
0		0.125
0.0977289	0.0779362
0.121866	-0.0278151
0.0542355	-0.112621
-0.0542355	-0.112621
-0.121866	-0.0278151
-0.0977289	0.0779362
0		0